File ADT# Time#1   Time#2   Time#3   Ignore
File1 1   0.06     0.06     0.06     0      
File2 1   33.35     33.36     33.35     0      
File3 1   0.05     0.04     0.04     0      
File4 1   18.18     18.18     18.18     0      
File1 2   0.05     0.04     0.05     0      
File2 2   181.81     182.11     181.82     0      
File3 2   0.06     0.06     0.06     0      
File4 2   90.91     92.44     92.47     0      
File1 3   0.04     0.03     0.04     0      
File2 3   0.03     0.04     0.04     0      
File3 3   0.03     0.04     0.03     0      
File4 3   0.03     0.04     0.04     0      
File1 4   0.05     0.05     0.05     0      
File2 4   0.04     0.04     0.04     0      
File3 4   0.04     0.04     0.04     0      
File4 4   0.04     0.04     0.04     0      
File1 5   0.04     0.04     0.04     0      
File2 5   0.03     0.04     0.04     0      
File3 5   0.03     0.04     0.04     0      
File4 5   0.04     0.04     0.04     0      
File1 6   0.17     0.18     0.17     0      
File2 6   0.13     0.13     0.14     0      
File3 6   0.15     0.15     0.15     0      
File4 6   0.19     0.19     0.2     0      
