File ADT# Time#1   Time#2   Time#3   Ignore
File1 1   0.065     0.06     0.061     0      
File2 1   34.529     34.528     34.528     0      
File3 1   0.045     0.044     0.045     0      
File4 1   18.268     18.267     18.267     0      
File1 2   0.051     0.045     0.045     0      
File2 2   180.174     180.811     180.17     0      
File3 2   0.065     0.056     0.056     0      
File4 2   90.042     89.804     89.795     0      
File1 3   0.044     0.04     0.04     0      
File2 3   0.042     0.038     0.038     0      
File3 3   0.038     0.038     0.038     0      
File4 3   0.04     0.041     0.04     0      
File1 4   0.056     0.053     0.052     0      
File2 4   0.047     0.043     0.043     0      
File3 4   0.043     0.043     0.043     0      
File4 4   0.048     0.045     0.045     0      
File1 5   0.044     0.04     0.04     0      
File2 5   0.042     0.04     0.039     0      
File3 5   0.041     0.041     0.04     0      
File4 5   0.041     0.041     0.041     0      
File1 6   0.186     0.185     0.185     0      
File2 6   0.138     0.137     0.139     0      
File3 6   0.165     0.158     0.164     0      
File4 6   0.212     0.212     0.214     0      
