10 20 30
1340 509 2571 5370
904 914 5370 411
1226 762 411 1753
450 755 1753 5261
441 883 5261 1802
332 863 1802 928
44 544 928 5347
349 914 5347 508
767 253 508 2127
157 394 2127 2571
848 914 411 5370
1228 530 508 1753
895 863 928 1802
265 530 1753 508
6 388 928 5370
125 232 508 411
1337 253 508 2127
348 524 5261 508
264 592 5347 2571
293 561 928 508
84 508 411
739 5347 2571
972 5347 5261
1109 411 1802
987 2571 508
1112 508 2571
1010 508 411
1230 411 2571
54 2127 2571
219 508 2571
304 508 5261
1274 1802 5261
928 2571 928
995 1802 508
96 411 508
1138 5347 928
900 2127 2571
1282 2127 5370
173 1802 2127
1419 5261 508
1164 2571 1802
870 928 2571
1086 508 1802
540 508 2571
1107 928 508
988 5261 928
787 5261 508
384 508 5370
201 5347 928
193 5347 1802
