50 5000 10
298 70 4946 4119
859 552 4119 38
971 1140 38 1009
132 63 1009 350
1370 756 350 90
963 558 90 1991
936 1088 1991 4604
696 893 4604 2809
333 891 2809 5503
1032 268 5503 1225
532 1388 1225 4827
1224 230 4827 1885
1334 905 1885 1253
699 90 1253 2822
945 780 2822 2025
485 611 2025 3398
1269 1081 3398 5116
568 917 5116 667
1020 756 667 4144
1154 1162 4144 1269
69 1356 1269 2971
570 717 2971 4394
173 695 4394 3211
616 865 3211 720
685 1129 720 5132
1149 943 5132 3774
738 866 3774 5550
1386 1071 5550 5023
1323 350 5023 1396
816 973 1396 591
1006 707 591 4270
181 643 4270 2567
235 582 2567 629
537 684 629 2331
185 707 2331 2917
38 907 2917 3471
60 129 3471 1375
1122 373 1375 4573
734 438 4573 580
393 619 580 1178
586 931 1178 99
1139 227 99 5407
49 1031 5407 3063
480 511 3063 4104
270 517 4104 2530
866 256 2530 5088
965 586 5088 4554
99 225 4554 4698
1434 660 4698 2808
418 653 2808 4946
860 1137 350 2025
106 141 4144 38
52 1191 99 4394
1058 616 2822 580
27 995 4573 3774
87 1137 1009 4104
352 1039 4554 2971
273 540 3063 4946
1011 591 1253 4946
877 227 99 5407
813 56 4119 4698
1237 875 3211 4144
959 221 4144 1225
1370 1178 629 5132
577 588 3211 1253
1133 577 1269 667
984 1203 1396 3398
406 1178 1009 5503
227 1139 3471 5132
1331 487 5503 667
809 1311 5116 4144
1409 504 5407 4698
800 1036 2822 4827
731 831 2808 3471
1308 188 3211 4119
873 1053 3063 4144
418 1051 5132 2917
824 768 5023 4554
923 1495 5116 720
814 866 3774 5407
55 185 2530 1253
1386 522 580 4604
1367 862 2809 3211
763 606 4270 3211
264 1212 5407 5088
873 1191 4394 99
141 1081 5116 3398
172 458 2530 667
1095 940 2822 5407
342 1084 1178 3471
397 1081 4573 2808
215 858 5550 2809
142 1094 4573 2567
777 569 4144 90
1041 627 1253 4119
347 740 1375 4104
360 108 350 4827
1138 850 38 2809
842 944 2822 4394
350 800 4270 2822
539 1049 2917 38
937 929 90 591
599 362 1178 1269
396 1108 1009 580
267 1039 591 350
1102 355 720 99
1275 1171 1009 4554
1063 905 1009 2808
837 588 3211 1253
1401 418 2917 4554
1096 841 1375 2567
128 129 3471 1375
1298 557 2530 5023
879 1476 1375 4270
323 434 629 1253
566 863 629 1375
793 927 5550 1178
353 203 2567 3063
728 115 4554 667
135 1321 3471 1009
228 1205 1375 1178
1275 557 2530 5023
485 293 629 3774
1136 34 99 2025
742 450 1178 4698
471 379 2530 629
672 248 99 1225
7 521 2917 4104
1056 774 591 99
211 129 4573 5550
704 979 4104 5116
64 32 2331 1885
670 1017 5503 5088
1425 341 2025 580
1286 1060 1009 591
519 372 90 5550
1412 1081 2808 4144
1046 1377 4270 1991
358 94 1225 3471
1367 888 2809 3774
1156 734 1885 1269
902 277 1991 5503
133 553 3398 4604
1430 608 629 5088
1148 1167 4573 5023
228 1063 5088 1991
72 940 2530 5550
1118 640 5023 629
1348 534 4573 2971
1276 493 2808 4554
992 747 4827 1269
373 565 5116 3774
990 618 2808 4104
1009 902 2331 5550
1297 583 1375 3398
1095 565 90 1885
592 1055 5132 5503
387 1115 4604 1375
248 1035 5088 5132
416 17 3471 720
1266 843 350 2917
394 1122 4144 350
1249 351 5407 1991
306 853 5132 5407
684 108 350 1396
738 775 1253 1375
607 375 1396 1885
974 717 2971 4394
962 567 2808 667
748 1087 2808 1991
596 787 2530 4827
30 114 1253 591
1138 438 2809 4394
1301 493 4554 2808
252 1166 2025 1009
709 864 4946 5116
1332 14 4946 4698
624 290 2809 2971
1144 189 350 4394
1360 540 3774 4394
853 1215 5550 5116
743 434 1253 629
1148 413 90 99
177 657 350 1178
281 652 4554 90
1060 1094 4144 4604
858 378 1396 2809
139 1089 1009 667
732 739 2808 4394
1316 627 1253 4119
995 517 2917 5023
908 624 2971 99
1321 925 2331 5088
603 312 720 38
629 667 1885 4119
258 392 90 2971
486 97 2025 38
224 960 5132 4604
740 1198 1991 1396
616 1322 2971 591
879 1189 2809 2567
744 667 4119 1885
60 814 4554 2331
1122 637 38 4554
897 1089 1009 667
164 409 3774 4554
161 517 5023 2917
170 1034 2917 5407
910 624 99 2971
1399 1130 2822 1009
3 738 3211 4827
955 1021 38 1885
349 927 667 4827
219 48 5503 2025
717 949 1253 4144
1346 296 3211 4554
894 409 4554 3774
666 627 4119 1253
629 636 4827 4604
1012 1003 629 2971
975 1212 5407 5088
1029 166 2917 2808
1242 1053 3063 4144
1068 272 2567 591
259 907 2971 4104
946 156 4270 5116
764 583 1375 3398
70 851 629 5116
1127 934 4144 591
1410 232 591 3398
1367 1035 4104 2809
436 1470 2971 5088
417 492 1225 580
188 638 2025 3211
614 418 2917 4554
1153 1390 720 5023
529 292 1885 5116
89 1038 1396 4119
1 1171 5503 4394
1177 1219 5088 90
568 1087 1991 2808
1056 1434 1253 2971
717 1003 2971 629
1340 56 4119 4698
9 877 4827 629
449 1233 5116 5503
1127 471 1178 4394
1240 369 4270 1009
14 420 1178 1885
959 1187 2331 1225
639 503 99 667
1212 241 4827 2331
955 832 5550 4604
984 396 2331 2809
797 1311 5116 4144
399 1100 5088 4573
991 564 2809 5023
1386 205 1375 1225
598 1282 5116 38
810 848 3211 3471
808 320 629 591
392 432 4104 99
1310 1029 3774 2971
970 833 99 4604
1002 1004 4604 720
450 237 4604 3211
469 936 3398 4270
1331 567 2808 667
373 995 2917 1375
222 910 2917 1225
485 1028 2530 38
750 675 580 2530
492 1081 5116 3398
22 1444 4827 720
896 111 667 4698
1347 603 5550 3211
248 1056 3063 1991
11 866 5407 3774
384 951 1396 1253
478 489 2822 3774
1220 628 4827 2971
586 682 580 1253
742 973 1396 591
245 341 99 3471
1014 1366 1885 1375
793 744 580 1885
1041 1127 2917 4144
924 810 1396 2530
1308 1134 5503 4827
347 1118 5132 580
1439 744 580 1885
457 578 5023 5132
1200 891 5503 2809
1198 552 38 4119
897 341 580 2025
272 487 3211 90
1101 1212 5088 5407
1438 667 1396 2971
501 1060 1009 591
1180 277 350 2809
535 905 1009 2808
1280 1112 350 5550
200 28 38 4573
462 420 1885 1178
1367 375 1885 1396
1104 1140 38 1009
1336 983 350 4119
610 1161 5550 4270
572 607 4554 3471
170 1036 1396 5407
779 587 4119 2530
68 621 4573 4946
776 1057 2808 38
118 1204 2971 3398
1348 162 2530 591
903 258 2917 2567
1144 1201 1396 4573
1417 536 667 2025
1206 740 5023 1253
378 636 1269 4104
594 296 3211 4554
156 17 720 3471
1090 805 90 1375
276 862 3211 2809
1408 911 2567 350
1193 961 4394 580
1341 1057 2025 1269
1387 550 4827 1178
1072 503 99 667
898 833 4604 99
605 611 2025 3398
473 1011 2971 1178
342 940 5550 2530
541 245 1375 4144
1147 1166 2025 1009
648 943 3774 5132
20 1194 4144 1178
601 1007 4946 1009
1431 618 2808 4104
332 1041 1253 1009
1410 565 2971 4144
1381 1036 1396 5407
1368 1536 720 4394
709 636 4604 4827
962 492 4946 5550
339 1102 2808 90
1311 113 1375 720
575 409 4554 3774
731 666 4698 5023
235 1024 1269 99
776 940 2331 2025
68 1042 2025 5088
1020 1145 4573 1269
274 378 2809 1396
1113 987 4946 1396
498 765 4104 5023
934 930 2822 5116
1010 1028 5132 2025
290 212 5407 2025
1414 1246 350 1375
959 819 2971 720
587 833 4604 99
1027 1254 1375 1396
799 619 1178 580
698 1155 350 99
49 607 4554 3471
1066 1028 2530 38
763 274 4144 5550
1181 1356 2971 1269
998 725 350 3774
292 768 5023 4554
473 192 5116 350
1354 927 350 3063
1296 434 1253 629
1007 439 38 580
1323 848 3211 3471
887 749 720 629
1395 657 1178 350
157 366 3774 5023
913 1038 5550 2567
762 250 2025 1225
736 973 591 1396
1190 698 629 4270
1046 878 4698 5116
485 1108 1009 1991
241 330 3774 3063
1128 652 4946 5023
1083 658 5407 629
1112 489 667 1253
457 406 4554 2530
1219 408 2025 90
387 748 2530 2331
779 934 591 4144
216 759 4946 4144
1114 828 4698 4394
59 551 2822 4946
1078 522 2917 4946
363 952 2025 2530
1006 1202 4270 2025
373 1041 1009 1253
508 740 1253 5023
894 977 38 5132
673 1192 2567 90
814 1174 3063 2809
847 558 2971 1991
357 783 90 4394
550 924 2917 5503
687 1082 2530 5132
922 1188 1178 1991
767 857 5088 4827
987 833 2808 720
1072 1250 5503 1396
730 738 90 4827
1278 1028 667 350
626 977 38 5132
829 854 4827 2567
430 1311 4144 5116
687 800 4270 2822
1243 1098 4573 350
1387 1021 1885 38
263 1007 4946 1009
532 863 4144 2822
885 863 2822 4144
661 616 2822 580
76 935 4394 4104
1301 431 4573 90
330 707 1396 3774
995 526 2567 4604
521 506 5503 4554
44 877 2530 1225
1119 775 5407 1885
64 1202 2025 4270
523 119 1269 2530
163 924 2917 5503
1109 263 4604 629
144 761 90 720
251 748 3471 90
1324 1205 1375 1178
405 481 4554 1178
321 515 5407 4946
1313 1303 3471 1885
1377 587 4119 2530
332 506 3211 3063
367 1142 5503 350
36 637 667 4573
53 1299 5132 2822
176 863 2822 4144
586 405 4119 5503
456 1088 4604 1991
8 622 2331 4946
232 331 4573 3471
98 753 2971 580
831 524 4946 2025
195 866 5407 3774
1425 519 5407 4104
1309 534 4573 2971
1401 934 99 2917
1060 129 5550 4573
206 1099 1991 2530
1058 804 720 2567
406 131 3063 1269
935 1058 5132 99
1032 413 90 99
608 517 5023 2917
1164 1112 350 5550
86 756 4144 667
251 405 4119 5503
550 439 38 580
865 808 1885 4554
1347 1322 591 2971
749 485 4946 3398
640 680 1991 4104
573 905 1009 2808
1009 923 3398 5023
618 322 350 2331
1006 375 580 90
658 1099 2530 1991
1317 94 3471 1225
434 687 667 720
1217 1074 4104 350
924 1108 1009 1991
1098 676 629 1885
269 867 90 3398
709 1089 4144 2331
1173 1145 1269 4573
1391 1000 4698 1396
1359 285 2530 3774
1040 1041 1009 1253
1364 716 38 629
971 1000 4698 1396
917 622 2025 629
42 137 4119 667
848 552 4270 5132
1232 857 4827 5088
362 1082 4394 3398
972 1081 3398 5116
10 1120 4144 1885
993 213 5023 5116
1079 845 4946 2971
1388 743 4554 4144
261 622 4946 2331
1071 362 5503 3471
267 156 4270 5116
1045 1322 2971 591
352 898 2530 1009
1429 290 2809 2971
963 1058 38 1178
1052 655 4394 1269
133 290 2809 2971
1392 1050 5550 1269
158 1005 5132 1269
236 1250 5503 1396
1156 230 1885 4827
178 939 99 2331
1021 849 5116 591
154 550 4827 1178
536 935 4394 4104
647 394 2530 3398
1270 557 580 3774
890 456 38 90
350 734 3471 629
311 680 1991 4104
944 954 1253 1991
89 496 99 4946
161 1081 2808 4144
211 114 1253 591
955 637 4554 38
963 622 720 4554
1230 848 3211 3471
1137 358 3063 1178
890 250 2917 3774
494 814 4554 2331
893 481 1178 4554
785 308 2530 1178
1344 1084 3471 1178
1354 793 4604 1009
676 1123 1269 38
145 578 5132 5023
813 56 4698 4119
1245 766 4946 5088
1393 679 1225 629
1287 477 4946 591
1037 775 1375 2971
357 648 2567 667
867 1112 5550 350
452 838 99 1253
707 863 1375 629
855 910 2917 1225
1289 1261 591 2809
397 1143 2025 4827
511 1011 1178 2971
283 483 2530 3211
26 879 2567 1885
684 685 4144 4104
650 296 4554 3211
213 169 3398 2822
768 1188 99 1009
518 637 667 4573
427 1005 5132 1269
1340 907 3471 2917
203 441 4104 5550
786 1429 1375 4394
449 565 1885 90
1395 849 5503 3774
1326 870 3211 1396
99 1036 5407 2530
868 496 629 2808
1386 796 4119 1375
245 564 5023 2809
17 952 2025 2530
220 591 5503 3211
879 225 4698 4554
1328 1341 1225 350
1283 1386 4144 4270
62 1099 2530 1991
1078 481 99 4698
329 145 4394 4270
506 252 4394 2331
926 627 4119 1253
662 703 667 5023
1215 438 4573 580
904 815 5023 580
1289 715 5116 2808
260 748 5116 2971
258 192 3211 667
657 738 90 4827
786 127 2917 1269
1293 893 2809 4604
779 92 4827 4394
1313 1276 4270 38
960 263 4144 99
425 746 4698 2567
274 156 5116 4270
406 843 2917 350
664 438 2809 4394
1193 622 2025 629
266 1112 1009 4144
623 1200 4144 1396
1177 927 350 5407
509 547 3398 3211
562 112 2808 3063
464 203 2567 3063
747 942 4604 1225
752 132 629 4554
236 522 580 4604
542 1051 2917 5132
1413 1322 2971 591
454 421 5550 4119
976 678 5407 2809
519 1368 1396 720
834 1005 1269 5132
1267 961 38 4604
695 232 3398 591
1319 815 2808 1396
116 619 1178 580
530 807 5023 2822
503 120 2808 5088
957 768 5023 4554
365 1078 1269 90
884 793 4119 4270
151 621 2971 5503
1290 1198 5132 667
1382 93 3063 2917
372 1100 2809 3471
273 350 5023 1396
239 34 3774 4604
1065 1100 3471 2809
1324 1384 1396 3471
1140 823 4573 2809
773 1178 1009 5503
872 93 2808 2567
1093 1018 1269 5503
460 920 1253 38
896 679 2917 1885
27 360 580 5407
974 714 2331 667
84 1056 3063 1991
370 842 4698 1375
508 186 1009 5132
479 807 2025 591
773 715 1225 591
1002 97 2025 38
986 100 4573 2025
109 1019 4698 1009
873 717 5088 4104
772 1368 720 1396
1390 1439 1225 4394
608 237 4604 3211
565 1503 1375 5023
316 557 5023 2530
616 861 1396 90
1360 213 1253 1269
1088 942 4604 1225
1181 225 1991 1225
187 591 5116 4604
76 498 1269 629
831 517 4104 2530
764 977 5132 38
944 1036 2530 5407
1199 362 1178 1269
606 395 3398 2808
39 628 720 2822
589 914 2917 720
1150 114 1253 591
1049 586 5088 4554
314 875 3211 4144
1231 256 2567 2822
1134 34 2025 99
8 254 4144 3471
1370 727 90 3774
1251 800 2331 3063
426 633 1269 5116
952 108 1396 350
1064 922 4119 5116
743 1202 4270 2025
862 1191 4394 99
498 736 5088 3211
1169 1253 5116 4573
347 886 3063 5503
294 90 1253 2822
1069 1007 1009 4946
408 119 2530 1269
1113 1140 1009 38
1262 1200 1375 1009
598 671 4119 3471
491 1371 2822 2809
1274 1063 5088 1991
514 1307 4554 5132
415 819 3471 2971
481 1042 3398 2331
471 1145 1269 4573
863 1279 2971 2917
257 134 99 4573
810 617 3398 5550
408 1075 5503 5023
228 361 4144 5407
456 362 1269 1178
1012 831 5088 1375
1333 470 1885 3774
1427 594 1375 5407
1097 807 5023 2822
282 245 4144 1375
592 228 2331 5023
99 1028 38 2530
1307 263 720 1991
511 1178 629 5132
14 1171 1009 4554
441 121 591 3063
1139 1192 2567 90
1143 520 90 4104
619 944 2822 4394
636 772 1885 3063
1347 1051 5088 5550
984 1386 4144 4270
810 1167 1269 1991
1167 496 4946 99
1234 907 2971 4104
589 113 1375 720
1186 899 99 2809
432 1057 1269 2025
376 296 5088 591
49 521 2917 4104
58 420 1885 1178
790 628 2971 4827
1358 1048 5132 2567
859 258 2917 2567
833 761 720 90
170 833 1225 3063
8 578 580 3471
114 266 5550 1991
474 146 5503 38
618 960 2025 1178
700 661 3398 38
2 736 5088 3211
1246 920 2809 4946
1420 250 3774 2917
907 924 2917 5503
1162 263 99 4144
1058 774 2971 1225
167 293 5503 580
1071 591 1253 4946
71 715 2808 5116
555 597 5550 629
990 987 4946 1396
920 967 2331 4573
1155 485 4946 3398
529 661 38 3398
124 903 3063 1375
1182 226 2822 2808
1349 954 5132 4573
981 619 580 1178
924 961 4573 4604
40 443 667 1178
1030 655 1269 4394
511 319 350 1885
98 1298 1991 5023
1137 1189 2809 2567
444 928 4144 5132
676 589 629 99
296 153 4573 4144
827 922 580 2809
1284 504 5407 4698
735 801 1375 667
799 129 5550 4573
1391 360 580 5407
519 657 1269 4698
1244 891 5503 2809
641 232 3398 591
1335 905 1885 1253
324 292 2809 1009
354 52 2530 3063
452 657 4394 2917
1321 438 2809 4394
169 208 629 4119
1154 939 2331 99
1292 185 2530 1253
1263 113 1375 720
283 932 4827 5407
1228 565 1885 90
962 863 4604 2025
705 519 3211 1885
1182 607 4554 3471
567 119 1269 2530
338 943 4827 591
1271 212 5407 2025
997 1027 3398 1885
1181 970 99 2808
1394 1319 720 1885
511 457 1375 5550
776 315 5116 2331
791 1176 2808 2809
197 761 720 90
24 457 1375 5550
1135 72 3774 1178
1192 402 2822 629
274 56 4698 4119
86 1036 2530 5407
902 1032 667 2809
1285 268 4604 2917
622 409 5132 4394
1285 804 720 2567
1354 112 4119 580
1379 494 1178 5116
946 553 3398 4604
570 1194 2567 5407
844 693 2567 4104
802 129 5550 4573
1361 353 4698 4604
558 114 591 2822
1032 578 3471 580
1424 232 591 3398
474 1215 5550 5116
253 636 4827 4604
1402 1245 591 5132
285 341 667 4604
1361 1056 4573 1178
559 569 90 4144
850 1081 5116 3398
1409 729 4946 4270
873 1200 4573 4394
858 1145 1269 4573
1204 652 4554 90
1329 1371 2809 2822
1319 1152 99 4827
730 550 4119 4573
985 886 3063 5503
602 1120 1885 4144
13 258 2567 2917
1294 648 2567 667
599 1191 4394 99
17 1035 5407 4270
77 1108 580 1009
860 537 90 2331
740 586 4554 5088
1342 715 4698 3471
887 230 3063 5088
1361 843 90 5116
1246 1046 580 350
745 519 3211 1885
457 1027 3398 1885
398 830 2808 4827
348 100 4573 2025
1208 115 4104 4119
380 112 3063 2808
282 821 3063 3471
1169 1280 3471 2331
1091 591 3063 4119
897 612 629 90
430 1261 2809 591
434 955 350 4698
455 540 3063 4946
2 340 720 4573
404 992 38 2331
1383 740 1269 1396
1381 1191 99 4394
455 1301 1253 2809
278 879 2530 350
476 922 2809 580
616 551 2025 4554
127 796 1375 4119
887 1039 2971 4554
1287 565 4144 2971
12 606 4270 3211
431 550 2530 4270
372 261 3471 1991
828 661 38 3398
1106 521 4554 1269
142 395 90 5503
631 563 4394 4604
630 1209 1885 1225
1389 924 2917 5503
1108 1039 350 591
1120 748 3471 90
1324 208 629 4119
72 159 4104 580
828 342 4604 3063
1281 833 4604 5407
1222 136 2530 2808
659 719 591 720
1272 821 3063 3471
1261 464 2917 3211
284 1039 350 591
1351 781 5407 3398
44 582 2917 4119
836 863 4827 4698
1409 300 2530 4604
362 199 3063 2822
261 1170 3398 4827
125 112 2808 3063
713 1084 1178 3471
339 424 5407 2971
779 266 1991 5550
677 1229 38 4394
648 699 90 4604
996 942 1225 1269
653 229 1991 2025
319 561 4554 1225
973 1161 4270 5550
1316 740 1253 5023
413 577 1269 667
76 259 3398 1253
384 1279 2917 2971
748 521 2331 3211
1105 1060 1009 591
827 1011 2971 1178
114 450 1178 4698
1234 1042 2025 5088
893 372 90 5550
441 678 2809 5407
282 1137 350 2025
375 301 580 629
286 657 4698 1269
171 322 2331 350
1381 215 5407 5503
954 769 5503 591
1292 771 5088 4394
670 621 4946 4573
1018 394 3398 2530
772 658 1225 90
59 877 629 4827
1032 1106 5132 4119
1022 515 591 4119
808 1082 2809 2917
1067 34 5503 5550
880 821 3063 3471
1114 315 5116 2331
1112 939 99 2331
809 1021 1885 38
1434 956 1885 2822
1296 738 1991 4698
679 1468 3398 5132
1100 1064 1225 2809
1375 547 3211 3398
812 610 3063 5023
43 324 3211 1178
1157 1097 1178 720
702 1377 4270 1225
71 720 2530 1885
66 732 4604 1396
1234 784 2822 5550
473 1039 591 350
5 420 1178 1885
1380 1245 2025 1396
1132 918 5503 2331
1047 804 2567 720
636 745 720 4946
1210 942 4604 1225
1282 1309 1009 720
1220 1332 1225 1009
886 804 720 2567
1359 255 1991 1375
1244 416 2808 3774
205 937 591 1991
1209 360 580 5407
816 547 3211 3398
1325 115 4554 667
1095 739 90 5023
809 850 2809 38
461 1093 1269 2809
1347 308 2530 1178
1138 1147 1009 5550
934 1228 38 1396
542 1233 5116 5503
774 115 4104 4119
450 1348 350 720
1300 804 2567 720
1428 1116 4554 1396
283 675 2530 580
1321 918 2331 5503
383 1056 1991 3063
1394 774 1225 2971
888 1021 1885 38
1431 237 4270 4827
765 470 3774 1885
1088 805 591 1375
948 1036 2822 4827
809 775 1885 5407
1092 1165 5503 4270
845 1031 3063 5407
950 703 4119 2808
291 449 1375 5503
575 858 2971 3211
647 861 1396 90
619 816 4394 629
728 960 1178 2025
371 987 4946 1396
323 131 1269 3063
286 1228 1396 38
631 608 629 5088
750 481 1178 4554
901 939 99 2331
536 489 2822 4604
353 1205 1178 1375
1126 1110 5550 4827
391 714 5023 4119
693 689 4144 4119
396 917 1269 720
19 1292 3398 1009
887 740 4104 1375
596 1245 2025 1396
971 973 1375 1269
268 127 1269 2917
817 1021 5550 5132
1041 927 5407 350
392 851 580 2567
1016 552 38 4119
980 622 4554 720
965 445 2331 1178
624 494 5132 2331
674 1021 1885 38
624 481 4698 99
511 622 2971 1885
1166 496 4946 99
100 839 4144 629
685 745 4946 720
768 779 2917 1396
722 270 3211 3774
742 676 629 1885
859 856 4946 1375
263 1102 90 2808
1144 169 580 4698
1396 1314 2530 2971
1299 775 1375 2971
23 990 90 3063
1189 557 5023 2530
998 320 629 591
1327 1188 99 1009
1259 995 3774 4573
687 169 4698 580
368 417 5503 4104
1028 657 4394 2917
630 802 5550 591
753 1097 2530 4144
776 751 90 5132
172 1007 4946 1009
644 153 4144 4573
458 518 1269 4270
336 383 4554 4604
1117 1100 3471 2809
801 1251 2025 5116
1246 519 4104 5407
69 717 4394 2971
788 1082 4394 3398
123 136 4698 3211
798 571 2822 3211
746 610 5023 3063
608 1209 5132 1253
1105 519 3211 1885
1285 863 4827 4698
695 581 99 3398
31 744 1885 580
1412 1187 2331 1225
760 1075 5503 5023
756 146 5503 38
114 603 3211 5550
733 189 350 4394
1341 779 1396 2917
878 903 350 2808
596 864 5116 4946
1291 484 1225 3398
760 530 3211 5023
1080 272 5088 2822
1020 196 2809 5132
1034 866 591 2331
1342 94 3471 1225
344 402 629 2822
322 1099 1991 2530
561 112 580 4119
41 973 1375 1269
1307 723 1253 4270
1257 261 3471 1991
1082 908 5088 350
777 442 667 2822
1222 685 4144 4104
1062 1178 5132 629
428 341 4604 667
95 628 2822 720
1168 954 1991 1253
768 637 4554 38
1071 503 99 667
989 944 4946 350
553 1113 4573 1009
1047 424 5407 2971
224 361 4144 5407
407 498 629 1269
15 832 4604 5550
1221 517 4554 99
1046 93 2567 2808
368 739 4394 2808
968 365 629 1178
1385 1097 720 1178
938 719 720 591
451 175 1396 4394
946 132 4554 4104
576 1110 4827 5550
555 205 1225 1375
1357 902 5550 2331
38 756 667 4144
297 827 720 3063
479 492 2331 3774
580 1041 1253 1009
32 1000 4698 1396
175 823 4573 2809
1401 434 2808 4604
740 385 4604 1269
567 582 629 2567
1054 293 580 5503
855 1201 4573 1396
1138 1321 3471 1009
1105 1084 3471 1178
258 186 5132 1009
1027 793 4604 1009
957 131 1269 3063
1225 411 4604 4104
357 28 4573 38
330 856 4946 1375
1029 666 4698 5023
669 1042 2331 3398
294 375 580 90
274 427 1375 99
9 169 2822 3398
884 627 4104 720
957 894 1009 5088
552 579 2971 1009
614 547 4698 3063
23 52 2530 3063
1032 1125 5132 3063
548 1215 5116 5550
1235 637 4573 667
766 418 1885 2809
805 1368 1396 720
491 745 4698 4144
1297 409 5132 4394
262 1036 5407 2530
355 1056 1991 3063
620 1191 4394 99
186 373 3774 667
233 1082 2809 2917
1234 862 2809 3211
134 855 2822 4573
918 292 1885 5116
837 141 1396 5116
662 1155 1269 5407
37 1115 4604 1375
1373 591 4119 3063
706 481 3471 3398
1374 685 4144 4104
1272 1028 2530 38
1067 624 4946 1885
1055 1390 720 5023
1254 248 1225 99
362 1162 4144 1269
446 547 4698 3063
1153 622 38 4946
1339 1126 38 350
177 308 2530 1178
571 877 629 4827
545 255 1375 1991
647 732 1396 4604
546 132 4554 629
879 1074 350 4104
1011 1245 1396 2025
1434 588 3211 1253
437 583 5503 3398
1161 127 2917 1269
953 1305 1991 5116
435 540 3063 4946
1231 1136 3774 1375
440 1193 4827 4144
864 484 1225 3398
940 1200 4573 4394
275 405 5503 4119
890 444 4119 3774
696 907 2917 3471
658 865 720 3211
965 1202 2025 4270
755 833 2808 720
1403 1072 5088 38
1172 551 4554 2025
1130 196 2809 5132
764 1270 350 3398
146 1218 4104 5132
692 416 2808 3774
1410 863 4144 2822
445 823 2809 4573
576 707 3398 1991
412 833 5407 4604
396 215 5116 1009
1201 1068 2567 38
339 1027 3398 1885
1235 372 667 3398
192 833 3063 1225
1359 628 2971 4827
25 1178 5132 629
1075 503 667 99
1223 574 629 5503
110 785 2567 4119
795 558 1991 2971
318 612 629 90
430 540 3774 4394
429 1036 2530 5407
69 258 2567 2917
683 1122 2530 2809
721 1079 2331 1991
356 637 38 4554
140 1030 1375 2809
122 622 2971 1885
918 196 591 2917
1108 489 1253 1178
1410 750 99 2822
399 1115 1375 4604
341 685 4144 4104
1024 1130 2822 1009
1432 183 4946 580
202 837 3063 4827
214 1060 2567 4144
336 334 350 4270
1126 1042 2331 3398
794 968 2808 5503
637 324 1178 3211
1036 812 1396 2567
1249 1001 2808 5550
705 1031 2025 2567
697 192 667 3211
758 1170 4827 3398
760 547 3063 4698
821 192 5116 350
1170 536 5088 1178
119 360 5407 580
232 812 1396 2567
815 704 3471 1253
796 1122 2822 350
61 895 591 4573
631 863 4698 4827
1261 1110 4827 5550
581 372 90 5550
1275 1295 720 2331
877 917 1269 720
996 611 2025 3398
1100 121 4104 4698
347 173 2567 1253
591 666 4698 5023
771 888 3774 2809
342 1093 1269 2809
501 263 99 4144
579 725 350 3774
543 714 5023 4119
747 483 2530 3211
925 1200 4394 4573
95 152 1269 2567
1159 484 1225 3398
477 849 591 5116
295 943 1009 3063
415 869 2025 1253
996 255 1375 1991
833 974 580 4827
116 1024 1269 99
1069 734 629 3471
900 438 4394 2809
1303 807 5023 2822
1022 338 1178 4270
59 657 1269 4698
226 330 3774 3063
513 833 99 4604
70 807 591 2025
775 1127 4144 3774
891 1253 99 5116
392 1309 720 1009
1292 136 2808 1253
597 854 1396 3063
1150 32 1885 2331
1150 1305 5116 1991
903 714 667 2331
522 1021 5550 5132
878 920 4946 2809
966 1419 1225 1396
366 1279 2917 2971
1369 768 5023 4554
875 194 1253 5088
168 1021 5132 5550
1124 657 350 1178
461 750 2822 5503
735 707 3774 1396
1213 1067 2567 1991
61 411 4104 4604
140 255 720 4144
571 436 4270 4604
761 268 4604 2917
1247 607 4573 4698
1415 250 2917 3774
1127 719 720 591
1278 225 4698 4554
487 552 4270 5132
294 383 4554 4604
1083 927 5407 350
172 610 3063 5023
961 326 5132 4827
149 740 1396 1269
879 943 591 4827
125 807 1396 5088
1108 1167 1991 1269
657 875 3211 4144
1362 1007 1009 4946
992 830 4827 2808
196 42 5550 99
1036 728 4946 3471
160 754 4104 1885
940 1014 5088 99
43 775 1375 2971
40 995 3774 38
970 215 5407 5503
951 746 5407 2331
444 438 580 4573
55 627 1253 4119
999 557 2530 5023
455 320 629 591
1189 312 38 720
1020 767 2567 4394
453 918 2331 5503
736 607 4698 4573
147 1261 2809 591
1381 1097 1178 720
1269 526 4104 1253
170 652 4946 5023
1130 727 90 3774
1040 1142 350 5503
1257 1020 5407 1253
1301 918 99 2530
1323 911 2331 2567
761 204 2808 591
1053 960 2025 1178
427 420 4104 591
852 1122 1991 3774
810 727 90 3774
1166 1189 2809 2567
989 607 4573 4698
678 943 591 4827
539 377 720 5503
422 899 2809 99
1183 1015 4604 2971
796 326 5132 4827
1095 1053 4144 3063
507 1005 5132 1269
1318 608 629 5088
916 774 99 591
24 1386 4270 4144
1328 785 2567 4119
857 1005 1269 5132
958 657 4394 2917
1141 511 4104 3063
1084 250 591 1269
1307 922 2809 580
19 192 350 5116
576 1276 4270 38
116 1314 2971 2530
1227 388 4698 3774
1191 1444 720 4827
1358 266 1885 4270
1094 162 4827 1009
1399 70 4119 4946
1259 843 1885 591
990 331 3471 4573
979 351 1991 5407
1 285 2530 3774
1066 819 4270 4554
1243 531 4946 2530
1136 794 580 1269
239 866 591 2331
405 120 2808 5088
615 1102 90 2808
357 319 350 1885
555 1092 5132 4946
610 255 1375 1991
1156 1282 5116 38
375 532 4698 2917
881 1026 5132 1375
873 973 591 1396
239 1017 5088 5503
1277 877 2530 1225
497 864 4946 5116
351 1015 4604 2971
611 121 4104 4698
1018 1532 4394 3471
22 1137 4104 1009
1079 963 5407 1009
1299 1503 1375 5023
468 715 591 1225
1089 1122 2530 2809
202 879 2530 350
339 680 4104 1991
1333 349 3063 3398
1433 1341 350 1225
319 1042 3398 2331
154 1374 3471 5023
1068 942 1225 1269
1118 774 2971 1225
109 362 1269 1178
487 728 4946 3471
1053 658 5407 629
772 807 5088 1396
258 743 5116 3211
1180 927 1885 5550
1215 1099 1991 2530
843 1476 1375 4270
966 1191 4394 99
646 250 1225 2025
508 805 591 1375
1426 149 5503 4573
631 93 2808 2567
841 765 4104 5023
856 225 4698 4554
1283 608 667 1225
1039 395 2808 3398
1012 1292 3398 1009
1226 1110 4827 5550
1191 1254 1396 1375
638 1078 90 1269
1348 707 3774 1396
90 272 2567 591
1130 392 720 5550
488 535 4554 5550
680 230 3063 5088
516 115 667 4554
1371 775 1375 1253
649 866 5407 3774
728 144 4573 1991
1288 136 2808 1253
870 287 4554 580
1272 17 3471 720
669 924 2809 4698
1017 506 5503 4554
1005 912 5503 1178
502 850 4144 2809
467 225 4554 4698
303 298 5023 1178
721 815 580 5023
1055 927 1178 5550
116 888 2809 3774
900 642 1225 2822
1030 506 3063 3211
1347 992 38 2331
1267 918 99 2530
378 566 3774 3398
1158 729 1225 1253
428 342 4604 3063
856 640 629 5023
471 237 3211 4604
1054 164 629 4698
617 920 4946 2809
721 928 5132 4144
275 251 4827 5023
833 1122 1991 3774
454 1532 4394 3471
413 740 1375 4104
548 420 591 4104
1405 1191 2025 4394
308 636 1178 1396
896 1319 720 1885
817 300 1269 2822
328 293 5503 580
777 920 4946 2809
171 261 1991 3471
497 852 591 4394
782 917 5116 667
1331 624 4946 1885
1168 940 2025 2331
36 954 1991 1253
805 688 2567 5023
54 246 38 5407
254 854 4827 2567
1312 932 1253 2331
49 943 1009 3063
1161 837 350 3211
1232 384 629 3063
78 879 2530 350
1246 492 1225 580
1155 631 667 38
520 477 4946 591
446 220 350 5132
700 1233 5116 5503
444 384 629 3063
1332 848 3471 3211
865 808 1885 4554
1052 522 4604 580
1131 996 38 3063
809 980 2822 2331
396 863 629 1375
788 1127 2917 4144
1234 1212 5407 5088
366 738 4827 90
811 618 4104 2808
1176 805 591 1375
1135 689 720 4119
886 863 2808 1225
270 1319 720 1885
294 1221 5550 1396
1003 470 3774 1885
685 112 3063 2808
341 892 99 3063
1237 449 4698 90
948 226 2822 2808
777 526 4604 2567
119 263 720 1991
209 899 99 2809
474 746 4698 2567
433 863 4698 4827
937 1334 2331 1375
1348 854 1225 2567
402 727 90 3774
177 800 5088 720
968 308 2530 1178
752 547 3063 4698
861 1425 4270 720
719 1191 4394 2025
1123 1434 2971 1253
324 775 1375 1253
443 477 591 4946
438 205 1375 1225
1224 734 5088 5116
900 524 4946 2025
1400 636 4604 4827
400 1305 5116 1991
644 205 1225 1375
132 957 1253 4827
5 816 4394 629
151 62 5116 4394
991 899 3211 1009
393 578 667 5407
482 1100 5088 4573
287 621 4946 4573
790 291 591 4554
187 215 1009 5116
566 870 3211 1396
608 578 667 5407
393 114 591 2822
395 263 4604 629
920 924 4698 2809
153 867 99 3774
753 736 5088 3211
244 1198 667 5132
241 844 1991 2809
18 346 2809 4827
327 940 2025 2331
589 1122 2822 350
1395 1295 720 2331
860 685 4144 4104
748 544 3471 5407
1375 990 4604 3471
170 152 1269 2567
1365 1106 5132 4119
1413 284 4144 5503
146 123 4827 5116
1101 1279 2971 2917
345 897 4827 4119
892 853 5407 5132
1306 513 1178 4104
170 250 1269 591
1356 974 4827 580
809 251 5023 4827
450 801 667 1375
311 1129 2917 1991
1438 1193 4827 4144
755 392 4554 3063
396 1167 1269 1991
30 863 4698 4827
1208 101 1178 4604
1378 550 4827 1178
1167 1368 720 1396
536 128 38 99
858 852 4394 591
1169 961 4604 4573
1039 1093 1269 2809
355 830 1269 1009
623 912 1178 5503
1337 149 4573 5503
1300 745 4946 720
1111 1170 4827 3398
838 831 1375 5088
541 557 580 3774
1420 1029 2971 3774
101 814 5503 4604
921 254 4144 3471
661 230 4394 1009
852 263 629 4604
944 330 3063 3774
805 540 3063 4946
476 10 1991 4144
1186 926 3063 2025
992 1079 2331 1991
88 810 2530 1396
225 100 2025 4573
1273 1064 2809 1225
1237 1089 4144 2331
256 192 3211 667
612 846 5116 1253
84 346 4827 2809
743 489 3774 2822
870 918 2331 5503
248 308 1178 2530
317 1097 720 1178
1438 526 2567 4604
908 395 2808 3398
182 1200 1009 1375
1412 1209 1885 1225
125 802 591 5550
133 355 720 99
1269 1162 1269 4144
320 1357 3471 350
535 434 3398 5088
887 1015 4604 2971
45 727 3774 90
733 537 2331 90
992 1341 350 1225
173 377 5503 720
182 983 629 350
525 934 4144 591
695 551 2822 4946
911 17 720 3471
1047 520 4104 90
400 956 1885 2822
626 1194 4144 1178
253 902 2331 5550
683 839 4144 629
1017 1134 5407 2808
1071 727 3774 90
157 418 4554 2917
724 775 1253 1375
195 1136 1375 3774
1242 684 2331 629
203 586 5088 4554
701 1017 5116 580
954 661 38 3398
69 122 3211 4946
1398 979 5116 4104
1093 935 4104 4394
110 534 4573 2971
1057 995 1375 2917
1015 1444 4827 720
1198 1405 3398 2809
1245 753 4946 1991
857 914 2917 720
243 366 3774 5023
1195 900 2567 1009
182 628 4827 2971
716 1017 580 5116
678 761 720 90
1054 520 4104 90
629 861 90 1396
388 1011 2971 1178
65 732 720 4698
922 377 5503 720
1038 1098 4573 350
665 1093 1269 2809
719 643 2567 4270
1436 136 3211 4698
546 753 4946 1991
1121 131 4104 4946
682 753 4946 1991
674 636 1178 1396
983 453 4946 90
567 1028 5132 2025
642 1332 1225 1009
832 592 1269 3211
267 237 4604 3211
135 1003 629 2971
681 990 629 1396
234 802 5550 591
916 1167 5023 4573
151 1162 1269 4144
1006 1005 1269 5132
5 481 4554 1178
647 910 5503 2530
1351 518 4270 1269
334 815 580 5023
1108 954 1991 1253
1357 608 629 5088
1099 494 2331 5132
1037 1078 1269 90
677 1198 667 5132
1392 1039 2971 4554
484 940 5550 2530
779 954 1253 1991
861 1094 2567 4573
231 1110 4104 1396
1374 805 591 1375
1030 1145 4573 1269
256 358 5023 350
1161 409 4554 3774
599 411 4604 4104
256 481 3471 3398
63 358 1178 3063
872 396 2331 2809
380 1058 5132 99
759 373 4573 1375
836 849 591 5116
618 1079 2331 1991
1042 129 1375 3471
518 622 2025 629
1274 1212 5088 5407
710 387 4604 5023
1016 300 2822 1269
884 10 4144 1991
853 552 4270 5132
172 230 4394 1885
880 1068 38 2567
895 637 4573 667
240 470 3774 1885
619 1004 5503 2567
156 1115 350 4554
1262 386 2331 1396
631 537 90 2331
395 960 1178 2025
1187 715 5116 2808
231 173 2567 1253
469 272 2822 5088
1237 1270 350 3398
1349 707 591 4270
528 838 99 1253
557 720 2530 1885
251 930 591 5407
1115 735 1375 4554
1013 169 4698 580
324 342 3063 4604
1247 744 1885 580
1355 612 629 90
82 886 3063 5503
965 1002 2567 99
330 854 4827 2567
893 272 2567 591
227 863 2808 1225
1044 563 2567 4554
1094 228 4946 4554
1083 384 629 3063
224 843 5116 90
499 493 3398 580
768 32 1885 2331
619 566 3774 3398
1253 870 3211 1396
1393 877 629 4827
425 1110 1991 1885
952 296 3211 4554
342 481 1178 4554
685 296 5088 591
160 968 5503 2808
1014 596 2025 2971
214 861 1396 90
705 237 4604 3211
518 929 591 90
862 1082 3398 4394
1068 436 4270 4604
750 949 5023 5407
1398 1129 5132 720
377 410 4604 4119
892 578 2809 4270
338 186 5132 1009
552 942 4604 1225
1257 481 3398 3471
335 392 4554 3063
679 48 2025 5503
9 360 580 5407
291 973 1375 1269
787 1116 1396 4554
528 1305 5116 1991
301 169 3398 2822
386 422 591 1178
639 567 667 2808
545 524 4946 2025
58 616 580 2822
639 1221 5550 1396
984 254 3471 4144
406 558 90 1991
1014 637 667 4573
1262 699 4604 90
1369 695 2530 4394
1039 141 4144 38
310 483 2530 3211
785 494 2331 5132
1000 1143 4827 2025
269 1035 4270 5407
768 114 1253 591
557 373 1375 4573
385 835 629 1991
82 1203 1396 3398
154 241 2331 4827
1109 900 1009 2567
532 807 2822 5023
159 628 720 2822
64 634 2808 5023
198 974 580 4827
1241 377 5503 720
449 136 2808 1253
737 586 5088 4554
13 640 629 5023
117 470 3774 1885
1349 212 5407 2025
1089 951 1253 1396
1416 699 4604 90
1434 372 5550 90
945 526 1253 4104
462 210 5407 90
1095 805 1009 90
244 1140 38 1009
235 1353 4827 1375
1017 968 2917 2025
825 563 4394 4604
696 506 3063 3211
942 121 3063 591
907 636 4827 4604
23 1015 4604 2971
1 966 1885 2025
296 673 5088 667
1209 987 5407 4394
118 1065 4573 2917
1425 213 1253 1269
965 1137 1009 4104
1158 823 2809 4573
968 608 5088 629
428 536 1178 5088
1169 1200 1375 1009
254 851 629 5116
364 980 2331 2822
508 678 5407 2809
1423 894 1009 5088
116 1021 38 1885
1150 237 4144 2025
1300 1218 4104 5132
215 597 5407 3211
751 1364 2971 2822
1206 405 5503 4119
1214 915 1269 3471
1108 771 5088 4394
416 940 5407 2822
694 608 1225 667
866 1191 2025 4394
1364 838 99 1253
1224 331 3471 4573
1312 114 591 2822
495 714 4119 5023
262 375 1885 1396
36 714 2331 667
1144 422 591 1178
1432 783 4394 90
686 494 2331 5132
1425 228 4946 4554
110 931 99 1178
1231 739 90 5023
1075 1004 2567 5503
1193 319 350 1885
1034 928 4144 5132
72 1165 4270 5503
405 833 4604 5407
490 90 1253 2822
667 434 4604 2808
466 831 3471 2808
586 932 4827 5407
1125 56 4119 4698
584 911 2331 2567
1058 1384 1396 3471
1263 456 38 90
315 522 4604 580
847 743 4270 4698
1153 893 5088 1885
164 756 667 4144
985 408 2025 90
1078 927 4827 667
238 814 4946 4394
1130 1305 5116 1991
746 821 3063 3471
893 1255 4270 4573
394 406 2530 4554
853 175 4394 1396
405 1058 99 5132
226 627 720 4104
1004 1134 5503 4827
1282 1218 4104 5132
1044 1129 720 5132
1393 246 38 5407
779 679 1885 2917
139 608 1225 667
637 259 3398 1253
648 205 1225 1375
833 405 1009 5023
1299 658 1225 90
1401 705 1375 2822
36 774 2971 1225
671 1026 5132 1375
1295 439 38 580
1052 843 2917 350
1000 1270 350 3398
836 1031 2025 2567
873 876 720 2530
264 636 1885 4698
289 617 3774 4827
985 856 1375 4946
457 862 2809 3211
1224 738 1991 4698
516 987 1396 4946
1030 740 4104 1375
248 230 5088 3063
633 284 4144 5503
1138 612 90 629
1048 296 591 5088
769 1295 2331 720
271 787 2530 4827
1010 189 4394 350
794 739 5023 90
1182 556 2809 90
772 1028 38 2530
893 550 4119 4573
86 739 4394 2808
1224 597 5550 629
704 1165 5503 4270
1346 552 5088 4604
177 131 3063 1269
992 781 3398 5407
97 1029 3774 2971
604 375 1885 1396
1131 622 2025 629
1330 578 580 3471
479 850 38 2809
64 1205 1178 1375
905 618 4104 2808
1264 1314 2971 2530
1215 129 5550 4573
407 1270 3398 350
1280 854 1225 2567
1311 383 4604 4554
585 956 2822 1885
1293 1166 2025 1009
1254 1088 4604 1991
431 586 4554 5088
720 1355 2971 3063
87 1203 1396 3398
1236 52 2530 3063
142 943 591 4827
825 1439 1225 4394
942 1377 1225 4270
236 1036 5407 2530
919 837 5503 1253
877 230 1885 4394
324 1127 3774 4144
99 121 591 3063
1035 804 2567 720
30 934 591 4144
141 661 3398 38
793 1209 1225 1885
387 113 1375 720
1222 1170 4827 3398
1167 1001 2808 5550
240 360 580 5407
231 915 3471 1269
1206 740 2567 4946
1190 177 3211 629
1192 740 5023 1253
986 707 591 4270
1108 511 4104 3063
1014 1161 5550 4270
961 519 4104 5407
1020 215 5503 5407
1302 723 4573 629
53 1011 1178 2971
583 867 2822 1991
478 973 591 1396
1393 774 3211 1225
244 269 2917 1178
1238 661 4119 2331
751 800 4270 2822
1165 910 2917 1225
1149 290 2809 2971
182 268 5503 1225
326 1140 1009 38
152 1082 3398 4394
630 240 4554 4119
584 747 1269 4827
700 961 4604 38
370 255 1225 4573
1121 996 3063 38
847 1112 5023 2025
556 578 580 3471
611 14 4946 4698
937 1047 1009 4119
89 62 4394 5116
912 707 1991 3398
344 331 4573 3471
598 748 2331 2530
1406 751 5132 90
31 339 4604 4946
136 1165 5503 4270
592 549 5023 1269
1183 1274 1991 4394
1066 392 5550 720
1027 591 4119 3063
500 942 4604 1225
844 772 5088 4698
1314 693 2567 4104
1280 405 5503 4119
1183 1282 5116 38
1191 640 5023 629
216 558 1991 90
1399 927 1885 5550
833 351 5407 1991
496 1064 1225 2809
948 100 4573 2025
1207 740 5023 1253
613 1212 5407 5088
456 748 3471 90
508 732 4698 720
963 992 2331 38
1160 658 90 1225
219 1106 4119 5132
1096 62 4394 5116
554 40 2025 5550
1141 192 350 5116
405 1028 38 2530
283 778 2808 580
790 441 4104 5550
745 1098 99 5023
1397 963 99 1885
270 274 5550 4144
145 743 5116 3211
1024 955 1375 2530
1221 1143 2025 4827
69 715 2808 5116
946 141 38 4144
506 748 5116 2971
1373 1031 2567 2025
381 292 1009 2809
25 14 4698 4946
185 535 4554 5550
948 411 4604 4104
705 156 4104 629
1362 924 4698 2809
1303 1073 2808 5132
809 637 38 4554
1315 945 2971 667
1121 843 350 2917
1374 411 4604 4104
1400 552 4604 5088
17 837 350 3211
837 863 2822 4144
102 292 2809 1009
521 793 4604 1009
848 413 99 90
1045 377 720 5503
455 1060 1009 591
603 591 2971 2331
589 927 350 3063
1335 652 5023 4946
278 893 2809 4604
79 743 5116 3211
1124 1425 720 4270
318 636 1396 1178
495 338 1178 4270
384 374 591 4604
174 1170 3398 4827
211 521 3211 2331
316 685 3398 4573
1187 867 90 3398
1396 185 5407 5550
299 560 38 4104
1332 1479 2567 2971
573 485 3398 4946
566 351 1991 5407
1304 230 1009 4394
587 961 4604 4573
1171 468 4104 2822
1169 849 5116 591
387 723 629 4573
226 1068 38 2567
831 517 5023 2917
1214 274 5550 4144
294 205 1225 1375
1216 284 2917 5088
508 970 99 2808
529 814 4604 5503
165 386 2331 1009
147 119 2530 1269
937 894 5088 1009
990 1405 3398 2809
455 1303 1885 3471
596 1130 1009 2822
1353 1127 4144 3774
1349 434 629 1253
951 1155 99 350
670 944 4394 2822
425 547 3063 4698
555 700 5023 5088
1120 1036 2530 5407
428 292 1009 2809
1187 506 3063 3211
943 549 1269 5023
1029 111 667 4698
322 793 4119 4270
828 1178 629 5132
972 257 3398 4554
1213 1188 1991 1178
1409 1089 1009 667
1033 1057 1269 2025
474 443 1178 667
1397 1434 2971 1253
185 269 1178 2917
933 899 3211 1009
927 496 2331 4604
1382 838 2809 1178
1111 261 3471 1991
643 800 4270 2822
271 255 720 4144
1198 341 2025 580
427 743 4698 4270
2 1074 4104 350
508 978 4827 4104
971 1233 5503 5116
1178 983 350 4119
910 1165 4270 5503
1118 532 2917 4698
904 1255 4573 4270
693 436 4270 4604
912 555 5407 720
1114 717 2971 4394
158 1162 1269 4144
1432 173 2567 1253
964 1002 99 2567
574 925 5088 2331
1357 810 1396 2530
1035 952 2025 2530
500 771 1009 3774
439 1051 2917 5132
1062 891 5503 2809
544 1295 2331 720
29 963 1009 5407
21 268 2917 4604
857 927 5550 1178
1304 943 5132 3774
1221 837 350 3211
816 565 2971 4144
1188 1307 5132 4554
814 676 1885 629
1224 511 3063 4104
1308 666 4698 5023
1422 816 4394 629
642 1003 629 2971
454 1092 5132 4946
1340 220 350 5132
1273 350 5023 1396
1124 703 2808 4119
996 688 5023 2567
242 1045 5407 5116
1338 226 2917 1253
1078 1034 2917 5407
1061 287 1225 5550
135 547 3063 4698
589 111 667 4698
361 1010 3211 5132
66 410 4119 4604
1191 1332 1009 1225
935 1255 4270 4573
304 733 5116 2567
7 361 5407 4144
271 658 1225 90
69 1002 2808 2025
1299 850 38 2809
1218 1221 5550 1396
1285 1028 667 350
402 434 2808 4604
52 877 2530 1225
572 1098 5023 99
434 837 3063 4827
1174 1147 5550 1009
941 871 5550 1253
126 442 667 2822
76 801 1375 667
1105 383 4604 4554
991 40 5550 2025
769 1082 4394 3398
869 784 5550 2822
1101 360 580 5407
892 221 5407 4573
357 213 5023 5116
962 693 2567 4104
907 132 3063 1253
995 561 2971 38
1363 346 2809 4827
1030 954 5132 4573
487 136 2808 1253
983 949 5023 5407
1085 1386 4144 4270
1345 1092 4946 5132
883 1074 4104 350
1017 1016 3063 4573
452 1079 1991 2331
825 612 629 90
426 807 591 2025
347 1125 5132 3063
432 544 3471 5407
1084 1191 2025 4394
787 899 2809 99
115 517 2530 4104
1069 534 2971 4573
119 421 3398 2567
1343 750 90 1178
419 862 2809 3211
46 408 2025 90
19 698 629 4270
1073 361 5407 4144
1225 623 2822 3471
1217 420 591 4104
581 774 591 99
81 565 90 1885
75 1374 3471 5023
85 748 90 3471
890 417 5503 4104
606 747 1269 4827
339 717 5088 4104
1120 583 3398 1375
556 369 4270 1009
1070 315 5116 2331
611 434 5088 3398
526 565 4144 2971
256 374 591 4604
692 807 5023 2822
718 588 1253 3211
1031 330 3774 3063
746 513 4104 1178
1265 1174 3063 2809
268 341 2025 580
24 290 2971 2809
1320 868 3211 1991
1263 1468 3398 5132
922 1274 4394 1991
417 1446 4827 3471
1090 582 2917 4119
226 266 1991 5550
878 775 1375 2971
186 259 1253 3398
407 90 5023 4270
1328 1057 2808 38
1284 372 90 5550
730 765 5023 4104
1058 945 2971 667
904 409 3774 4270
225 735 3063 5116
1225 464 2917 3211
316 774 3211 1225
463 444 4119 3774
1216 255 1375 1991
381 843 5116 90
338 738 90 4827
4 970 2808 99
33 622 2971 1885
424 428 2808 1178
303 434 1253 629
516 845 4270 2971
527 443 3774 4104
825 717 4104 5088
51 953 5550 2917
1227 1072 5088 38
1240 1233 5116 5503
1283 123 5116 4827
1435 879 1885 2567
668 1048 5132 2567
1221 1039 2971 4554
794 517 2917 5023
1309 868 3211 1991
507 870 4394 4119
14 291 4554 591
239 707 1396 3774
1068 458 667 2530
779 213 1269 1253
1414 1209 1253 5132
1406 1123 1269 38
1275 192 667 3211
1376 226 38 1225
52 1079 1991 2331
245 1088 4604 1991
621 908 350 5088
860 914 2917 720
360 230 1009 4394
1140 464 3211 2917
986 1303 3471 1885
952 867 1991 2822
787 309 5550 580
595 1228 1396 38
648 907 2917 3471
893 511 3063 4104
431 653 2808 4946
1018 269 1178 2917
470 1200 4394 4573
1135 162 1009 4827
789 136 2530 2808
633 578 4270 2809
84 93 3063 2917
816 256 2567 2822
442 714 5023 4119
1039 566 4573 4104
259 194 1253 5088
1185 1065 2917 4573
923 749 2917 4827
447 867 90 3398
698 230 1885 4827
1176 1035 4270 5407
223 583 3398 1375
539 1011 1178 2971
1171 922 5116 4119
777 898 4270 580
93 750 1178 90
924 246 38 5407
1377 535 4554 5550
1419 710 2567 3211
550 802 5088 3471
158 802 5550 591
382 735 3063 5116
921 269 2917 1178
652 246 38 5407
1302 734 3471 629
1395 995 3774 4573
751 688 5023 2567
688 34 5550 5503
933 833 1225 3063
1169 313 99 580
369 945 2971 667
1338 905 1885 1253
469 618 4104 2808
253 796 1375 4119
1206 360 5407 580
1347 1270 350 3398
819 1470 2971 5088
531 293 629 3774
674 1321 1009 3471
626 1116 4554 1396
934 714 5023 4119
830 960 1178 2025
139 487 667 5503
432 169 580 4698
972 1058 38 1178
618 810 4119 5088
986 443 1178 667
814 162 4827 1009
1330 351 5407 1991
690 1112 4144 1009
883 707 2917 2331
628 819 2971 720
179 424 2971 5407
457 152 1269 2567
420 848 3211 3471
56 341 2025 580
506 272 5132 1396
1209 589 629 99
1286 458 667 2917
101 657 1178 350
137 360 5407 580
451 185 2530 1253
686 940 2025 2331
1310 1219 5088 90
1136 375 3774 591
988 586 5088 4554
1027 944 2822 4394
250 793 1009 4604
756 853 5407 5132
82 627 1178 3398
552 543 4104 1225
1275 578 4270 2809
201 506 3063 3211
478 739 2808 4394
1098 169 580 4698
25 734 5116 5088
629 679 2917 1885
1017 968 2917 2025
434 1147 5132 1225
212 1007 1009 4946
913 611 3471 4104
411 970 1225 3774
646 1039 4554 2971
358 577 667 1269
1188 830 2808 4827
676 387 4604 5023
319 780 2025 2822
366 120 5088 2808
716 250 2917 3774
1087 740 4946 2567
1323 714 2331 667
379 802 5550 591
1330 802 591 5550
542 506 5503 4554
893 1017 5503 5088
384 844 2809 1991
258 568 350 2971
1159 237 2025 4144
457 210 5407 90
349 739 5023 90
789 1017 5116 580
889 689 4119 4144
228 667 1885 4119
576 833 3063 1225
714 521 4554 1269
430 943 4827 591
933 537 90 2331
1413 524 2025 4946
1318 443 3774 4104
955 1191 2025 4394
664 269 2917 1178
975 330 3774 3063
987 449 4698 90
1089 766 5088 4946
329 121 4104 4698
1079 974 580 4827
1136 217 580 667
818 968 2025 2917
492 1301 2809 1253
746 564 2809 5023
1228 869 1253 2025
381 215 5503 5407
1209 877 5132 1178
849 566 4104 4573
1029 177 3211 629
1330 409 5132 4394
440 954 1991 1253
185 1390 720 5023
28 566 4104 4573
299 1063 1991 5088
34 910 2530 5503
1208 928 5132 4144
518 120 2808 5088
817 298 5023 1178
1112 863 4604 2025
934 360 580 5407
329 603 4270 2808
488 853 5407 5132
998 794 580 1269
555 652 4946 5023
1296 299 580 3211
1007 112 3063 2808
663 131 4104 4946
995 688 2567 5023
341 1353 4827 1375
213 270 3211 3774
124 891 5503 2809
1210 146 5503 38
1280 313 580 99
698 833 4604 99
84 804 720 2567
665 714 4119 5023
1255 828 4698 4394
55 351 5407 1991
922 740 1396 1269
439 162 591 2530
1119 727 3774 90
523 1082 4394 3398
404 520 4104 90
408 1303 3471 1885
832 522 4604 580
400 701 1009 1178
192 450 4698 1178
471 748 2530 2331
741 300 1269 2822
546 925 2331 5088
693 865 3211 720
199 622 720 4554
864 918 5550 3063
679 719 720 591
198 616 2822 580
590 544 3471 5407
1422 360 580 5407
607 775 1253 1375
323 417 4104 5503
1039 392 4554 3063
1274 685 4104 4144
1023 112 2808 3063
56 875 4144 3211
838 136 2530 2808
1187 704 3471 1253
931 485 3398 4119
863 1084 3471 1178
670 903 2808 350
891 1000 4698 1396
490 1035 5088 5132
196 519 5407 4104
1091 313 99 580
1020 956 1885 2822
418 1301 2809 1253
38 700 5088 5023
969 114 1253 591
393 739 2808 4394
935 374 4946 3774
1087 492 4946 5550
132 738 4827 3211
418 315 2331 5116
1347 458 5407 1225
894 494 2331 5132
827 983 350 629
1118 386 2331 1396
200 468 2822 4104
972 753 2331 4104
639 874 580 5088
1066 336 2822 4554
541 774 3211 1225
650 552 4604 5088
920 676 2917 580
695 751 90 5132
310 898 580 4270
652 1253 4573 5116
1236 421 3398 2567
602 373 3774 667
151 636 4827 4604
450 592 1269 3211
950 1176 2809 2808
319 558 2971 1991
320 452 4119 5407
477 392 3063 4554
498 1132 4827 4573
545 617 4827 3774
134 810 2530 1396
608 296 3211 4554
759 1079 2331 1991
1209 1067 1991 2567
592 800 2822 4270
783 995 2917 1375
1103 1416 3471 4270
843 250 591 1269
784 648 1269 4946
984 637 4554 38
1107 1071 5550 5023
853 725 3774 350
117 638 4698 1225
1238 1026 1375 5132
1397 230 4827 1885
1331 576 2822 4119
241 301 580 629
722 849 5503 3774
561 1004 5503 2567
1417 918 5503 2331
956 1303 3471 1885
570 750 2822 99
721 778 2808 580
1368 923 3398 5023
132 627 3398 1178
1173 1117 350 1991
546 1035 5132 5088
762 387 5023 4604
195 141 38 4144
621 530 3211 5023
736 535 1178 2822
1147 802 5550 591
918 934 4144 591
1386 771 4394 5088
8 920 38 1253
575 1097 2530 4144
1053 566 4573 4104
270 354 2025 720
49 274 4144 5550
1317 1126 350 38
1083 610 5023 3063
784 944 2822 4394
541 827 3063 720
487 1082 3398 4394
368 458 667 2917
943 1037 1253 350
428 944 350 4946
698 928 4144 5132
620 1058 1178 38
497 740 4554 1991
13 1106 5132 4119
669 611 99 3211
373 315 2331 5116
1085 40 2530 2917
373 63 350 1009
79 1282 38 5116
500 1039 4554 2971
347 594 1375 5407
751 492 3774 2331
267 1416 3471 4270
309 1122 2530 2809
364 85 1269 2808
621 676 580 2917
480 688 2567 5023
725 841 1375 2567
804 425 99 4119
1176 355 99 720
83 703 5023 667
834 133 1991 38
1102 611 4104 3471
1411 519 5407 4104
335 893 1885 5088
829 1276 38 4270
737 623 3471 2822
1111 1113 4573 1009
962 230 3063 5088
676 492 1225 580
64 915 3471 1269
309 374 4946 3774
95 837 350 3211
39 874 2809 2025
547 34 5503 5550
719 1476 1375 4270
995 751 1991 667
1248 558 90 1991
1206 350 1375 38
486 622 2971 1885
186 652 5023 4946
664 944 350 4946
147 263 629 4604
1294 524 4946 2025
1274 927 1885 5550
675 704 4144 3398
205 109 1225 720
472 1245 2025 1396
376 1198 5132 667
850 513 2567 1178
190 549 5023 1269
1233 627 4104 720
620 1042 1178 1225
637 1064 2809 1225
1256 935 4104 4394
1372 1035 2809 4104
246 1117 1991 350
1368 1356 2971 1269
451 871 2530 3471
1301 1071 5550 5023
1364 353 4604 4698
1157 186 1009 5132
209 740 4104 1375
846 903 350 2808
535 732 4698 720
467 487 5503 667
586 1191 2025 4394
386 611 3471 4104
602 1194 2567 5407
853 392 90 2971
503 141 5116 1396
168 1479 2971 2567
387 549 1269 5023
867 1060 4144 2567
841 376 2917 629
219 560 38 4104
813 769 591 5503
1368 539 4698 2530
50 386 2331 1396
553 1082 2809 2917
242 108 4827 350
347 40 2025 5550
265 406 2530 4554
600 611 2025 3398
495 900 2567 1009
369 868 3211 1991
1188 967 2331 4573
1115 1511 5116 3471
227 521 4554 1269
542 934 4144 591
98 1020 1253 5407
515 449 1375 5503
1382 680 4104 1991
1340 1322 591 2971
1363 456 38 90
419 374 4604 591
287 1371 2809 2822
1425 714 667 2331
27 177 3211 629
888 382 1885 1009
412 671 3471 667
543 988 2822 90
1321 561 2971 38
255 1048 5132 2567
1090 871 2530 3471
221 1097 4144 2530
617 1007 4946 1009
341 1356 1269 2971
505 1051 5550 5088
1030 395 90 5503
1158 952 2025 2530
875 292 5116 1885
657 582 2567 629
641 1178 1009 5503
1427 955 4698 350
374 1106 4119 5132
987 228 2331 5023
1318 729 4270 4946
787 40 2025 5550
1316 272 591 2567
183 637 38 4554
495 627 1178 3398
1199 842 1375 4698
668 843 2917 350
114 1028 667 350
902 431 4573 90
570 439 38 580
462 592 1269 3211
819 255 1225 4573
1414 521 4554 1269
253 695 2530 4394
630 744 580 1885
1390 115 4104 4119
1104 1065 2917 4573
1339 268 2917 4604
176 308 1178 2530
718 833 720 2808
701 819 3471 2971
211 633 4698 2331
1321 1476 1375 4270
613 951 1253 1396
557 801 1375 667
588 1040 1396 2822
1237 759 4144 4946
136 428 3398 2917
153 401 5116 5132
222 188 3211 4119
1204 977 3211 1375
1408 521 4104 2917
181 751 90 5132
280 331 3471 4573
320 1058 99 5132
925 844 2809 1991
285 866 5550 3774
252 611 3471 4104
1070 1161 38 4827
631 341 2025 3471
819 1419 1396 1225
526 954 1253 1991
701 402 629 2822
1062 856 1375 4946
549 685 4144 4104
1106 1123 1269 38
1114 1476 1375 4270
238 1282 38 5116
1001 568 350 2971
848 378 3471 5550
227 801 667 1375
625 651 4270 5088
1199 1502 5116 1225
821 319 350 1885
1242 926 5132 1991
908 910 2530 5503
582 513 2567 1178
692 94 3471 1225
253 600 3063 4270
953 740 1396 1269
1132 650 4554 4573
1018 819 3471 2971
1048 445 2331 1178
101 526 1253 4104
419 300 2822 1269
868 1081 3398 5116
261 132 5550 38
343 534 2971 4573
116 156 4104 629
176 837 5503 1253
956 1021 38 1885
158 582 2917 4119
698 226 1253 2917
45 944 350 4946
137 553 4604 3398
354 1042 3398 2331
746 1353 1375 4827
207 164 4698 629
890 870 3211 1396
5 636 1396 1178
1280 1056 1991 3063
493 852 4394 591
1278 720 1885 2530
130 112 3063 2808
1006 1032 667 2809
700 401 5116 5132
122 676 629 1885
1037 1021 38 1885
1258 924 5503 2917
1038 485 4119 3398
1203 1171 5503 4394
133 1116 1396 4554
159 1161 38 4827
760 319 1885 350
599 1536 4394 720
94 481 4698 99
1298 1147 1225 5132
280 902 2331 5550
7 134 99 4573
723 898 4270 580
1038 624 1885 4946
467 512 2917 4270
608 301 580 629
465 481 1178 4554
81 424 5407 2971
1163 807 4119 2971
800 841 1375 2567
1179 428 2917 3398
1067 561 4554 1225
1098 1014 5088 99
1279 1332 1225 1009
1320 496 4946 99
276 841 1375 2567
735 1429 1375 4394
1389 370 4104 3398
490 373 3774 667
52 410 4119 4604
1381 898 1009 2530
1321 1194 2567 5407
874 425 4119 99
1080 405 5503 4119
261 830 1269 1009
1303 1020 1253 5407
1357 1263 99 1396
1183 566 3398 3774
1253 1137 2025 350
221 431 4573 90
696 458 5407 1225
1390 1020 1253 5407
871 230 5088 3063
1174 568 2971 350
329 1147 1009 5550
371 1097 720 1178
213 298 1396 4270
319 1176 2809 2808
643 922 4119 5116
780 863 2025 4604
90 1081 4573 2808
1064 229 1991 2025
449 927 667 4827
783 765 1269 2331
82 1136 3774 1375
1362 704 3471 1253
195 360 580 5407
197 814 4394 4946
1316 334 4270 350
1163 1470 5088 2971
1102 487 667 5503
819 878 4698 5116
451 914 720 2917
615 342 3063 4604
825 254 4144 3471
28 717 2971 4394
713 259 3398 1253
1355 821 3063 3471
131 1162 1269 4144
1302 372 667 3398
513 591 2971 2331
1340 250 3774 2917
726 787 2530 4827
853 387 5023 4604
1201 443 4104 3774
915 703 4119 2808
239 1311 4144 5116
825 241 2331 4827
1424 158 4946 629
1112 561 2971 38
669 547 3398 3211
56 689 4144 4119
337 428 1178 2808
394 478 4698 5550
882 588 1253 3211
444 354 2025 720
441 536 1178 5088
942 973 1396 591
576 1067 1991 2567
658 1108 1009 1991
783 1191 2025 4394
487 750 2822 99
716 158 4946 629
353 158 4946 629
1199 903 350 2808
13 616 580 2822
889 868 3211 1991
92 340 720 4573
544 740 1375 4104
810 418 2917 4554
624 968 2917 2025
756 378 2809 1396
721 258 2917 2567
1375 854 4827 2567
434 1253 5116 4573
540 1051 5088 5550
1168 70 4119 4946
1246 186 1009 5132
1343 290 2917 2822
1302 591 4119 1225
486 1139 3471 5132
1114 411 4104 4604
268 1002 2567 99
75 1082 2530 5132
381 90 2822 1253
921 833 1225 3063
649 720 1885 2530
328 1057 2025 1269
231 303 38 3471
233 1200 1009 1375
139 603 5550 3211
1348 174 5088 1269
1381 622 4946 38
976 204 591 2808
881 780 2025 2822
104 263 1991 720
720 153 4144 4573
1052 395 5503 90
241 284 4144 5503
1008 489 1178 1253
464 324 3211 1178
1076 1280 2331 3471
40 439 38 580
899 237 2025 4144
223 582 4119 2917
100 943 1009 3063
1190 395 4554 1253
726 595 580 720
1405 996 38 3063
840 1040 1009 629
333 1174 3063 2809
369 886 5503 3063
240 406 2530 4554
342 226 2917 1253
749 1299 5132 2822
402 934 591 4144
95 221 1225 4144
349 578 4270 2809
1364 942 5503 1885
747 734 5088 5116
1356 136 2808 1253
321 987 5407 4394
558 1356 2971 1269
313 520 4104 90
818 806 3471 2567
1129 869 2025 1253
168 1118 580 5132
1279 858 5550 2809
1321 153 4573 4144
409 457 3063 667
862 733 2567 5116
136 769 591 5503
876 1479 2971 2567
242 470 1885 3774
316 780 2025 2822
11 512 2917 4270
867 434 5132 2971
937 522 2917 4946
1077 1098 350 4573
995 1416 3471 4270
92 583 1375 3398
13 810 4119 5088
1255 801 1375 667
924 26 5088 2567
928 561 1225 4554
450 835 1991 629
1203 608 667 1225
403 300 4604 2530
1023 753 1991 4946
365 732 3211 4573
231 1147 1225 5132
409 807 2822 5023
1349 1215 5550 5116
601 588 3211 1253
1359 296 4554 3211
1304 805 1375 591
254 476 5503 4946
1129 1142 350 5503
761 1002 2808 2025
599 589 629 99
796 70 4946 4119
646 371 629 3398
414 720 1885 2530
847 711 1885 667
493 735 3063 5116
1235 761 720 90
205 685 4573 3398
766 622 1885 2971
1103 765 2331 1269
854 793 4604 1009
758 215 5116 1009
906 748 90 3471
1311 870 4394 4119
222 954 1991 1253
1 556 90 2809
138 640 5023 629
955 177 629 3211
646 1056 1178 4573
926 1274 1991 4394
1252 1035 5407 4270
547 480 3398 4698
356 1063 5088 1991
1087 949 5407 5023
408 1303 3471 1885
409 131 3063 1269
548 783 4394 90
1375 732 4604 1396
581 878 4698 5116
1379 257 1991 99
1191 828 4698 4394
171 743 5116 3211
527 951 1253 1396
174 277 1991 5503
1256 132 4104 4554
758 908 5407 1178
34 571 3211 2822
1355 745 3063 4394
432 876 667 4394
665 807 2971 5023
839 870 3211 1396
212 532 3774 5088
1333 449 1375 5503
454 979 4104 5116
1313 863 4698 4827
1424 867 3398 90
1160 436 4604 4270
1332 771 1009 3774
874 557 5023 2530
1055 876 4394 667
54 22 5503 99
31 377 667 591
1236 413 90 99
251 1161 38 4827
124 1229 38 4394
1420 1322 2971 591
1141 251 5023 4827
905 863 629 1375
212 241 4827 2331
1267 952 2917 90
1193 717 4104 5088
595 169 2822 3398
798 1495 5116 720
819 228 2331 5023
1044 802 5550 591
954 591 3063 4119
57 1425 720 4270
1416 705 1375 2822
831 132 38 5550
1368 272 5088 2822
786 877 2530 1225
533 578 5023 5132
529 1031 3063 5407
167 725 350 3774
69 487 3211 90
931 715 5116 2808
684 1058 99 5132
689 196 5023 1885
266 553 4604 3398
611 213 1269 1253
701 823 4573 2809
228 1046 350 580
791 733 580 2331
489 607 4698 4573
1015 1366 1375 1885
924 732 4604 1396
69 475 591 3211
903 386 2331 1009
139 1332 1009 1225
614 874 38 591
843 536 2025 667
194 954 4573 5132
958 705 1375 2822
927 114 591 1253
919 1057 2808 38
410 849 3774 5503
483 183 4946 580
1067 689 4119 720
569 1203 3398 1396
1390 743 4698 4270
320 504 5407 4698
1155 735 4554 1375
1420 355 99 720
75 824 1269 350
167 805 1375 90
199 648 667 2567
1100 228 5023 2331
804 855 2822 4573
1056 983 4119 350
809 622 4946 38
548 563 2567 4554
845 156 629 4104
361 823 2809 4573
1327 920 4946 2809
1224 652 90 4554
1196 1251 2025 5116
471 748 2331 2530
301 417 4104 5503
405 266 4270 1885
540 1002 2808 2025
7 225 4698 4554
833 26 5088 2567
461 384 629 3063
1161 511 4104 3063
980 627 1253 4119
837 637 4573 667
1015 1074 4104 350
556 856 1375 4946
529 768 667 4270
1246 1067 1991 2567
33 651 5088 4270
1148 953 2917 5550
241 927 667 4827
1356 833 5407 4604
249 434 5132 2971
1407 277 1991 5503
190 612 90 629
747 800 3063 2331
1148 846 1253 5116
954 759 4144 4946
859 156 5116 4270
439 226 38 1225
552 858 3211 2971
469 1245 2025 1396
590 1058 1178 38
430 863 4698 4827
883 1028 350 667
939 1186 1991 4827
647 40 2025 5550
599 547 3063 4698
1270 583 5503 3398
290 927 4827 667
584 121 591 3063
1115 1301 1253 2809
607 983 350 4119
320 1087 1991 2808
1398 748 3471 90
882 1021 38 1885
431 421 4119 5550
799 192 667 3211
145 733 580 2331
826 675 580 2530
399 1188 38 5023
950 1016 4573 3063
91 905 1009 2808
352 783 4394 90
910 246 38 5407
642 1072 38 5088
1351 257 3398 4554
1434 341 4604 667
149 383 4554 4604
1106 1057 38 2808
426 515 591 4119
229 496 4946 99
728 296 591 5088
946 489 1253 667
0 944 4554 4394
86 1136 1375 3774
703 671 580 3063
931 845 2971 4946
1241 1001 5550 2808
150 661 3398 38
573 537 90 2331
214 591 2971 2331
60 936 4270 3398
718 1263 99 1396
812 732 4604 1396
428 704 4144 3398
193 196 5132 2809
794 298 4270 1396
1205 133 38 1991
389 1178 629 5132
484 114 1253 591
448 810 5088 4119
977 252 4394 2331
976 866 5407 3774
287 258 2567 2917
204 1219 5088 90
1112 258 2917 2567
43 213 1269 1253
1311 751 1991 667
746 963 5407 1009
638 1386 4270 4144
230 843 90 5116
806 535 2822 1178
472 939 99 2331
1230 715 2808 5116
327 775 1375 1253
601 540 3063 4946
5 392 90 2971
525 478 4698 5550
778 1081 2808 4144
787 405 5023 1009
1125 1100 3471 2809
437 732 4698 720
351 952 2530 2025
1330 1311 4144 5116
1434 1198 1396 1991
706 660 4698 2808
909 753 4946 1991
1269 192 5116 350
110 456 38 90
703 658 5407 629
652 814 4946 4394
276 1050 5550 1269
554 1042 5088 2025
893 418 4554 2917
269 372 667 3398
70 192 350 5116
96 1194 1178 4144
262 303 38 3471
439 931 99 1178
1375 386 1009 2331
827 315 5116 2331
337 838 99 1253
585 449 1375 5503
602 1178 1009 5503
50 378 3471 5550
697 1161 5550 4270
8 875 4144 3211
996 1215 5116 5550
1306 945 2971 667
21 145 4270 4394
807 867 3774 99
343 203 3063 2567
504 1479 2567 2971
203 1026 1375 5132
642 951 1396 1253
503 1031 5407 3063
109 1120 4144 1885
496 250 1269 591
1367 1108 1991 1009
1391 707 2917 2331
1272 636 4698 1885
1406 383 4554 4604
757 1042 1225 1178
1064 1254 1375 1396
468 747 1269 4827
421 1040 629 1009
865 1390 5023 720
457 618 2808 4104
771 810 5088 4119
805 945 1253 4573
240 261 1991 3471
157 365 1178 629
767 1063 1991 5088
959 379 2530 629
150 658 1225 90
653 960 1178 2025
78 576 4144 580
536 915 1269 3471
1179 493 3398 580
544 1161 4270 5550
784 417 1375 2025
814 478 5550 4698
141 284 2917 5088
972 298 4270 1396
1122 903 3063 1375
569 597 629 5550
18 1000 4698 1396
426 1311 4144 5116
165 255 1375 1991
710 1127 4144 2917
1366 920 2809 4946
740 621 4573 4946
754 296 3211 4554
286 1298 1991 5023
1281 1002 2808 2025
410 748 2331 2530
911 230 2567 2530
1200 936 4270 3398
446 1115 4554 350
293 751 90 5132
273 952 90 2917
216 240 3211 4104
970 112 2808 3063
1128 392 90 2971
841 522 4604 580
1124 341 99 3471
467 1425 720 4270
228 339 4604 4946
674 1117 1991 350
968 237 4827 4270
1384 457 667 3063
160 360 5407 580
1002 203 3063 2567
562 944 4946 350
1404 300 4604 2530
1088 603 2808 4270
1427 1299 5132 2822
215 256 2567 2822
762 362 1178 1269
162 983 350 4119
1275 655 4394 1269
1035 169 3398 2822
447 462 4698 5503
1083 912 1178 5503
928 851 629 5116
351 217 580 667
198 886 5503 3063
532 866 3774 5550
655 1045 5407 5116
798 571 2822 3211
690 802 3471 5088
506 1130 1009 2822
1205 1301 2809 1253
557 1019 4698 1009
164 1016 3063 4573
974 1038 2567 5550
307 748 90 3471
546 132 3063 1253
635 353 4698 4604
1031 299 3211 580
282 924 5503 2917
788 576 2822 4119
426 1299 5132 2822
983 592 3211 1269
1019 1405 3398 2809
553 621 4946 4573
732 888 2809 3774
1278 425 4119 99
473 56 4119 4698
272 819 720 2971
89 688 5023 2567
851 563 2567 4554
635 1229 38 4394
1147 225 4698 4554
718 723 4270 1253
266 1082 4394 3398
1414 914 2917 720
526 401 5116 5132
994 810 2530 1396
1216 1188 99 1009
1060 177 3211 629
617 952 2530 2025
499 372 3398 667
198 1089 1009 667
802 1161 4827 38
678 1425 4270 720
114 492 580 1225
1291 870 3211 1396
780 1001 2808 5550
254 687 720 667
359 745 4394 3063
195 28 38 4573
165 911 2567 350
695 679 629 1225
17 710 2567 3211
334 908 5088 350
886 330 3774 3063
965 232 591 3398
282 927 4827 667
622 935 4394 4104
946 637 4573 667
1086 973 1375 1269
361 1037 350 1253
1057 732 4573 3211
946 174 1269 5088
1280 661 3398 38
726 1036 5407 2530
124 707 720 1253
406 376 2917 629
901 34 5503 5550
279 406 4554 2530
1365 801 1375 667
508 745 3063 4394
323 1366 1375 1885
381 1280 3471 2331
843 515 5407 4946
440 521 2917 4104
1014 1356 2971 1269
99 255 1375 1991
1187 229 1991 2025
1014 551 4554 2025
644 1117 1991 350
189 296 3211 4554
131 992 38 2331
898 385 4604 1269
1220 48 5503 2025
125 624 1885 4946
815 588 1253 3211
843 145 1396 4827
1421 849 591 5116
878 553 4604 3398
912 252 2331 4394
151 768 5023 4554
398 703 2808 4119
1140 574 629 5503
445 137 4119 667
777 1479 2971 2567
1423 650 4573 4554
1066 366 3774 5023
113 284 4144 5503
521 648 2567 667
1385 226 1225 38
1062 156 4104 629
1374 492 3774 2331
1075 734 5088 5116
803 671 3471 667
1017 513 4104 1178
847 714 4119 5023
1305 261 3471 1991
796 688 2567 5023
635 561 4554 1225
139 530 5023 3211
82 851 629 5116
397 1046 4573 2530
1086 227 5407 99
425 374 4604 591
817 555 5407 720
947 1110 4827 5550
64 807 5023 2822
322 532 3774 5088
134 693 2567 4104
507 563 4604 4394
657 1030 1375 2809
734 810 4119 5088
1266 435 4946 1178
128 715 5116 2808
902 927 350 3063
1229 334 4270 350
1093 269 1178 2917
1432 1186 1991 4827
1046 539 4698 2530
652 453 90 4946
1181 678 5407 2809
476 1099 2530 1991
955 636 4698 1885
511 563 4554 2567
884 555 5407 720
764 406 4554 2530
581 297 2331 4270
591 395 4554 1253
736 360 5407 580
1261 970 2808 99
1002 128 99 38
38 922 580 2809
212 449 1375 5503
514 1117 350 1991
278 1106 5132 4119
1144 1000 1396 4698
1407 494 5132 2331
350 293 3774 629
211 1245 591 5132
272 378 3471 5550
614 511 5550 667
425 476 4946 5503
814 14 4946 4698
1312 920 1253 38
803 732 4604 1396
1163 1305 5023 1225
909 611 4104 3471
952 750 99 2822
690 115 4119 4104
337 1276 38 4270
937 543 4104 1225
127 963 99 1885
657 594 4698 1253
860 470 1885 3774
861 734 3471 629
362 729 1225 1253
1310 268 2917 4604
94 539 2530 4698
59 888 1375 2808
372 1178 5503 1009
854 753 1991 4946
1197 827 720 3063
1310 1188 1009 99
1406 1060 591 1009
431 963 1885 99
105 689 720 4119
1314 169 4698 580
1403 1187 1225 2331
464 521 2331 3211
278 612 90 629
860 22 5503 99
73 354 720 2025
1094 1089 1009 667
289 591 3063 4119
410 957 4827 1253
694 616 2822 580
863 898 4270 580
259 1087 1991 2808
1274 1384 1396 3471
407 990 90 3063
491 865 2917 1009
1406 1245 2025 1396
17 1094 4573 2567
1300 1112 350 5550
483 732 3211 4573
925 322 2331 350
234 715 4698 3471
906 1137 1009 4104
282 853 5407 5132
1045 937 1991 591
560 707 1991 3398
1249 132 4554 629
1173 761 90 720
330 228 2331 5023
1310 830 2822 38
225 255 1225 4573
1371 871 2530 3471
175 624 2971 99
920 132 4554 629
1062 1152 4827 99
1008 743 4144 4554
1234 651 4270 5088
628 561 2971 38
156 802 5088 3471
1420 1171 4554 1009
638 775 1375 1253
1256 1189 2567 2809
1257 1202 2025 4270
772 1035 5407 4270
857 753 4104 2331
297 723 1253 4270
91 162 2530 591
719 714 667 2331
748 300 2822 1269
728 1209 1253 5132
1367 550 4119 4573
1055 284 2917 5088
873 1060 1009 591
77 787 2530 4827
1281 210 5407 90
690 596 2971 2025
782 394 3398 2530
1373 1384 3471 1396
681 552 38 4119
1282 617 3398 5550
1081 1311 4144 5116
696 1270 350 3398
1 552 4604 5088
79 699 90 4604
1360 226 2808 2822
897 127 1269 2917
692 830 1269 1009
753 733 2331 580
7 1155 1269 5407
1406 1301 1253 2809
893 372 90 5550
1159 293 3774 629
355 52 2530 3063
1384 485 3398 4946
919 888 1375 2808
14 1011 1178 2971
478 342 4604 3063
357 852 4394 591
491 524 2025 4946
1031 966 1885 2025
800 1011 1178 2971
654 847 2331 2808
19 511 3063 4104
589 136 2808 1253
460 591 1253 4946
153 908 5407 1178
358 462 5503 4698
418 1050 5550 1269
10 129 3471 1375
1256 28 4573 38
989 1134 2808 5407
290 72 1178 3774
1425 465 3398 1269
1258 1279 2917 2971
1180 1079 1991 2331
1241 707 3774 1396
641 153 4144 4573
73 591 4604 5116
162 405 5023 1009
1044 481 4698 99
989 821 3471 3063
1145 418 4554 2917
977 920 2809 4119
840 100 2025 4573
807 521 2917 4104
356 783 90 4394
686 457 667 3063
963 987 1396 4946
1288 114 2822 591
842 1476 1375 4270
655 846 1253 5116
1272 733 2567 5116
595 1245 591 5132
1395 1134 2808 5407
69 927 1178 5550
1141 733 5116 2567
444 1106 5132 4119
1216 710 3211 2567
869 650 4573 4554
980 261 1991 3471
1109 567 667 2808
806 494 5132 2331
233 863 4144 2822
815 90 2822 1253
802 1102 2808 90
1247 852 591 4394
510 496 629 2808
672 175 1396 4394
111 970 3774 1225
429 1094 4604 4144
1359 1388 5116 1375
625 1042 5088 2025
1069 748 2530 2331
404 567 667 2808
1040 728 3471 4946
774 707 591 4270
1404 489 4604 2822
478 874 580 5088
529 312 38 720
1148 1202 2025 4270
297 878 5116 4698
72 434 3398 5088
177 425 4119 99
1078 1021 38 1885
1418 480 3398 4698
1011 895 4573 591
998 365 629 1178
254 1221 5550 1396
1308 379 2530 629
709 416 3774 2808
877 566 3774 3398
1225 1042 3398 2331
1377 801 667 1375
1309 833 4604 99
269 300 2530 4604
499 802 3471 5088
239 436 4604 4270
1439 1122 2530 2809
322 861 1396 90
1193 733 580 2331
161 196 5023 1885
1337 213 5116 5023
1154 905 1009 2808
297 937 591 1991
995 568 2971 350
1023 420 1885 1178
1284 496 629 2808
174 52 3063 2530
1051 492 2331 3774
125 1405 2809 3398
1040 925 2331 5088
28 1299 5132 2822
1099 843 90 5116
238 1081 4144 2808
1402 1153 5550 4394
1434 753 4104 2331
33 1233 5503 5116
950 565 90 1885
119 462 5503 4698
415 385 1269 4604
851 457 667 3063
737 549 5023 1269
1426 1198 667 5132
1415 1148 2809 4554
317 888 2809 3774
1153 734 1885 1269
231 1377 1991 4270
285 671 4119 3471
4 517 4104 2530
893 846 1253 5116
1266 522 4946 2917
1156 622 629 2025
462 297 4270 2331
209 132 4554 4104
567 1137 2025 350
1347 661 38 3398
180 176 5023 4394
46 434 2971 5132
863 1127 3774 4144
802 866 591 2331
118 800 3063 2331
905 567 2808 667
441 714 5023 4119
1137 746 2567 4698
351 434 629 1253
797 608 1225 667
901 1017 5503 5088
697 1017 580 5116
878 970 90 2530
253 362 1269 3774
547 561 38 2971
917 695 4394 3211
788 920 2809 4119
19 698 4270 629
152 567 2808 667
1122 549 1269 5023
1330 205 1225 1375
879 1029 2971 3774
55 1377 1225 4270
173 1112 4144 1009
814 565 1885 90
237 1098 99 5023
910 341 99 3471
415 1253 99 5116
273 443 1178 667
1051 413 90 99
1088 796 1375 4119
564 655 1269 4394
837 839 4144 629
1330 1270 3398 350
1278 217 580 667
926 1446 3471 4827
1052 456 90 38
401 443 3774 4104
112 297 4270 2331
663 413 90 99
1284 578 2809 4270
1308 703 2808 4119
1433 864 1253 4394
969 682 1253 580
297 807 2025 591
1149 192 3211 667
121 1444 4827 720
627 522 2917 4946
1374 597 5550 629
945 619 580 1178
336 618 4104 2808
998 353 4698 4604
864 173 1253 2567
393 807 5023 2971
691 894 5088 1009
400 717 2971 4394
393 608 629 5088
1021 111 667 4698
827 819 4554 4270
332 340 4573 720
669 710 2567 3211
1418 710 2567 3211
290 945 1253 4573
553 1094 4604 4144
1329 1057 1269 2025
1241 534 2971 4573
79 858 3211 2971
367 1036 1396 5407
340 851 2567 580
204 1308 4144 5023
959 266 4270 1885
374 637 38 4554
1103 679 629 1225
492 687 2530 5116
99 1254 1396 1375
1319 747 1269 4827
971 1416 4270 3471
475 960 1178 2025
854 493 2808 4554
1164 217 580 667
1379 753 1991 4946
1316 879 2530 350
406 492 1225 580
953 968 2025 2917
342 493 580 3398
705 711 591 3471
1002 1233 5503 5116
1369 942 1885 5503
1389 942 4604 1225
447 115 4104 4119
189 893 2809 4604
1156 375 580 90
445 1251 2025 5116
1100 785 4119 2567
666 868 1991 3211
344 415 4119 90
63 867 1991 2822
1214 492 4946 5550
1284 1303 1885 3471
486 475 3211 591
463 183 4946 580
480 688 2567 5023
1167 673 667 5088
491 392 3063 4554
944 680 1991 4104
1289 434 4604 2808
1352 611 2025 3398
999 458 667 2530
843 643 2567 4270
1329 565 90 1885
225 805 90 1009
705 301 580 629
305 732 4604 1396
796 90 1009 1396
1053 749 4827 2917
174 517 2530 4104
20 857 5088 4827
720 550 4270 2530
123 951 1253 1396
1325 503 667 99
1422 443 3774 4104
559 40 2025 5550
864 1055 5132 5503
93 1167 5023 4573
1146 1118 580 5132
1320 819 3471 2971
1213 258 2917 2567
1370 169 3398 2822
1069 866 3774 5550
482 841 2971 4698
786 1098 2809 720
326 183 4946 580
1145 944 4394 2822
1425 680 1991 4104
1270 779 1396 2917
841 1429 1375 4394
5 374 591 4604
779 1010 3211 5132
729 1041 1253 1009
887 250 2917 3774
1241 418 4554 2917
922 255 1991 1375
1187 215 5407 5503
771 217 580 667
387 833 720 2808
121 129 3471 1375
292 864 5116 4946
944 853 5407 5132
105 387 4604 5023
864 927 5407 350
537 227 5407 99
19 1000 4698 1396
1206 908 5407 1178
410 578 4270 2809
797 942 4604 1225
790 392 3063 4554
700 1027 1885 3398
175 854 5088 1225
1023 292 1885 5116
599 1366 1375 1885
721 868 3211 1991
50 657 1178 350
432 296 591 5088
771 378 2809 1396
733 637 667 4573
460 132 4554 629
518 687 5116 2530
318 903 1375 3063
257 1067 2567 1991
491 300 4604 2530
217 576 580 4144
603 268 1225 5503
391 744 1885 580
780 955 350 4698
1130 341 4604 667
1143 465 1269 3398
850 582 2567 629
544 622 1885 2971
912 456 38 90
747 966 1885 2025
658 983 629 350
1438 1170 4827 3398
1409 700 5088 5023
339 228 5023 2331
78 513 1178 4104
1294 750 99 2822
329 416 3774 2808
892 636 4604 4827
278 402 629 2822
565 565 5116 3774
1169 857 5088 4827
987 876 2530 720
325 392 90 2971
671 903 350 2808
45 570 1991 580
620 719 720 591
1031 268 1225 5503
612 1203 1396 3398
738 870 4394 4119
226 876 4394 667
1008 583 1375 3398
164 346 2809 4827
1435 458 2530 667
764 503 1885 5132
116 723 1253 4270
748 395 5503 90
797 596 2971 2025
985 693 2567 4104
416 751 1991 667
1186 481 4554 1178
1163 40 2025 5550
876 955 2530 1375
325 740 4946 2567
790 1218 5132 4104
1043 226 38 1225
1418 1162 1269 4144
1385 578 667 5407
1431 1029 3774 2971
408 445 2331 1178
26 707 4270 591
1061 863 2808 1225
370 132 4104 4554
695 693 4104 2567
1357 176 4394 5023
960 995 3774 4573
810 1017 5088 5503
627 576 2822 4119
588 1036 5407 1396
1380 468 4104 2822
1343 622 720 4554
565 766 4946 5088
432 511 4104 3063
1366 616 2822 580
305 723 4270 1253
105 794 1269 580
1047 1366 1885 1375
1020 319 1885 350
260 874 580 5088
796 619 580 1178
1333 114 591 2822
292 215 1009 5116
107 1132 4573 4827
626 1153 4394 5550
1310 899 99 2809
941 1167 4573 5023
1301 877 5132 1178
725 189 4394 350
971 483 3211 2530
464 1321 1009 3471
1050 395 2808 3398
1189 907 4104 2971
630 1132 4573 4827
799 1139 5132 3471
1207 1228 38 1396
1387 979 4104 5116
859 185 5550 5407
305 510 4698 2025
352 954 5132 4573
149 112 2808 3063
1075 526 1253 4104
1339 1046 2530 4573
192 810 2530 1396
820 744 4604 350
269 1148 4554 2809
156 908 5088 350
331 804 720 2567
656 230 2530 2567
456 290 2971 2809
119 886 3063 5503
185 189 350 4394
675 733 2567 5116
314 800 4270 2822
649 695 2530 4394
609 1056 5088 4144
194 1028 5132 2025
88 355 720 99
152 341 2025 580
1240 774 2971 1225
1059 569 4144 90
55 679 1225 629
730 1137 4104 1009
1045 401 5132 5116
126 961 4394 580
607 608 667 1225
801 765 4104 5023
761 756 667 4144
914 1039 629 2809
586 1167 1991 1269
78 578 5132 5023
151 1205 1375 1178
796 911 2567 2331
696 108 350 4827
347 698 4270 629
1048 141 4144 38
726 478 5550 4698
137 608 1225 667
898 1140 38 1009
480 149 4573 5503
1030 17 720 3471
522 695 4394 3211
758 1088 1991 4604
431 526 4104 1253
1435 531 4946 2530
339 552 4698 2822
1439 1174 2809 3063
547 908 5088 350
750 556 90 2809
31 136 3211 4698
1277 1082 3398 4394
1222 650 4573 4554
1361 415 4119 90
984 703 4119 2808
1009 920 1253 38
1306 226 1225 38
1041 268 5503 1225
1017 225 1225 1991
555 1110 5550 4827
313 888 2808 1375
878 1192 2567 90
887 587 4119 2530
364 547 3063 4698
105 766 5088 4946
807 729 1225 1253
1249 695 4394 3211
911 622 4946 2331
519 1470 2971 5088
211 1073 2808 5132
500 17 3471 720
427 438 4394 2809
1022 1004 2567 5503
1241 1155 99 350
273 453 90 4946
246 734 1269 1885
771 1084 1178 3471
747 1446 4827 3471
173 833 3063 1225
780 241 2331 4827
694 735 1375 4554
874 587 5550 2971
1413 771 3774 1009
397 907 2971 4104
499 667 1885 4119
1391 783 90 4394
948 90 1253 2822
346 1051 5088 5550
756 1191 2025 4394
187 387 5023 4604
507 71 667 4104
588 1295 2331 720
1182 920 2809 4946
38 1355 3063 2971
530 196 591 2917
1194 361 4144 5407
1398 783 4394 90
695 382 1885 1009
1310 217 580 667
1137 1100 5132 4698
131 1198 5132 667
105 189 4394 350
1358 940 5407 2822
719 553 3398 4604
487 676 2917 580
1189 942 4604 1225
1377 208 4119 629
380 787 4827 2530
131 633 4698 2331
929 418 2809 1885
420 1118 5132 580
864 682 580 1253
129 761 720 90
1066 1319 1885 720
1066 377 720 5503
498 945 2971 667
1011 1120 1885 4144
289 854 4827 2567
245 114 2822 591
69 934 2917 99
1388 751 1991 667
133 552 5088 4604
29 1002 99 2567
433 766 4946 5088
1384 876 667 4394
532 285 3774 2530
383 1122 2530 2809
895 745 4698 4144
1067 496 2808 629
770 127 2917 1269
1269 902 2331 5550
1126 1010 5132 3211
320 923 5023 3398
209 217 580 667
71 113 720 1375
267 1057 1269 2025
417 1187 2331 1225
458 123 5116 4827
644 1187 2331 1225
1104 814 2331 4554
1073 1295 720 2331
1099 574 629 5503
477 439 38 580
906 1276 38 4270
315 793 1009 4604
1210 1071 5550 5023
1083 754 4104 1885
944 710 3211 2567
826 192 3211 667
1104 961 4604 38
278 784 2822 5550
1049 816 2808 1885
670 1371 2809 2822
611 153 4573 4144
1049 252 2331 4394
359 1081 4144 2808
513 1097 4144 2530
327 765 2331 1269
696 543 1225 4104
1118 1171 4554 1009
797 156 4270 5116
1130 922 4119 5116
234 802 591 5550
1055 1282 38 5116
1050 983 350 4119
289 1057 2025 1269
97 351 1991 5407
1017 1075 5503 5023
373 778 2808 580
377 748 90 3471
436 237 2025 4144
313 783 90 4394
723 756 90 350
830 558 2971 1991
1414 942 4604 1225
36 274 4144 5550
660 640 5023 629
49 955 1375 2530
458 979 5116 4104
1146 506 1178 4119
465 756 4144 667
1317 547 3398 3211
431 350 1396 5023
1357 312 720 38
260 1353 1375 4827
1067 1060 1009 591
1003 492 580 1225
708 657 1269 4698
254 156 4270 5116
337 732 1396 4604
635 1245 2025 1396
379 695 4394 2530
569 444 4119 3774
1 785 2567 4119
914 1011 2971 1178
294 506 3211 3063
927 386 1009 2331
157 707 3398 1991
314 1136 3774 1375
203 648 2567 667
202 301 580 629
747 489 2822 4604
584 874 2025 2809
307 1036 2530 5407
619 923 5023 3398
54 1118 5132 580
1400 452 4119 5407
1127 255 4573 1225
594 954 5132 4573
5 518 4270 1269
888 1009 4554 4827
318 1098 99 5023
1306 854 1396 3063
1021 308 2530 1178
947 1364 2822 2971
1216 736 3211 5088
1201 1116 1396 4554
591 254 4144 3471
1280 259 3398 1253
512 1171 1009 4554
194 1035 2809 4104
832 532 4698 2917
1237 434 5088 3398
668 1042 90 1253
309 858 2809 5550
1075 977 5132 38
124 698 629 4270
80 386 2331 1009
716 745 4698 4144
905 745 4946 720
979 252 4394 2331
756 1039 2809 629
985 145 4394 4270
680 895 591 4573
278 296 591 5088
12 807 4119 2971
66 552 667 90
399 1002 2567 99
570 676 2917 580
1047 1188 1009 99
521 372 667 3398
1066 1368 1396 720
248 535 5550 4554
428 1036 5407 1396
5 738 3211 4827
1108 676 629 1885
635 563 4554 2567
1099 349 3063 3398
338 115 4104 4119
562 229 2025 1991
1098 1319 1885 720
572 970 2530 90
1001 676 1885 629
742 927 1885 5550
463 622 4946 38
217 995 1375 2917
951 608 5088 629
38 740 1253 5023
181 695 4394 3211
658 732 3211 4573
932 97 2025 38
160 617 3211 2808
793 636 4604 4827
680 299 580 3211
503 1309 1009 720
410 145 1396 4827
415 487 667 5503
584 324 1178 3211
1187 162 591 2530
1227 945 2971 667
311 1127 4144 2917
400 1035 4104 2809
1122 489 720 3398
1027 522 580 4604
673 1419 1396 1225
1377 961 4394 580
1366 556 90 2809
1021 648 1269 4946
129 114 2822 591
467 1040 629 1009
775 324 1178 3211
1093 1112 1009 4144
171 250 2822 2530
578 967 4573 2331
49 775 1375 1253
230 1132 4827 4573
1340 547 4698 3063
1322 526 4104 1253
342 377 667 591
1206 775 1375 1253
251 1122 3774 1991
1162 405 4119 5503
1347 1051 2917 5132
31 341 3471 2025
646 898 2530 1009
944 169 3398 2822
1079 807 5023 2822
155 1176 2808 2809
195 1029 2971 3774
690 897 3774 2025
116 746 2331 5407
1408 735 5116 3063
645 1308 4144 5023
263 1081 3398 5116
1416 336 4554 2822
202 162 2530 591
1006 715 591 1225
746 1134 4827 5503
445 835 1991 629
230 877 629 4827
442 876 720 2530
416 230 4394 1885
1116 582 2567 629
1403 567 667 2808
159 136 3211 4698
441 854 1396 3063
912 186 1009 5132
1343 697 580 1375
306 955 1375 2530
639 375 1885 1396
447 748 90 3471
735 492 5550 4946
284 676 1885 629
1235 93 2567 2808
434 579 591 580
1019 970 3774 1225
1298 452 4119 5407
755 1084 1178 3471
530 623 3471 2822
535 1137 2025 350
854 471 4394 1178
150 970 2808 99
434 455 1253 3774
425 910 2530 5503
704 496 4946 99
1425 1511 3471 5116
49 434 5132 2971
145 162 1009 4827
292 1437 2971 2808
1078 1292 1009 3398
1252 255 4573 1225
1274 701 1178 1009
140 1060 1009 591
566 778 2808 580
1270 93 2808 2567
1127 303 3471 38
1177 588 1253 3211
1194 1511 5116 3471
1358 1084 1178 3471
996 996 3063 38
777 384 629 3063
32 132 4554 629
1132 303 38 3471
963 113 720 1375
1256 744 1885 580
998 186 1009 5132
513 420 1885 1178
729 436 4270 4604
397 660 4698 2808
412 443 3774 4104
475 1021 5132 5550
578 494 2331 5132
756 807 5088 1396
434 375 580 90
13 687 720 667
330 324 1178 3211
360 910 1225 2917
250 569 90 4144
771 1127 2917 4144
476 879 350 2530
945 540 3774 4394
552 899 99 2809
571 375 580 90
887 700 5023 5088
497 1123 38 1269
800 846 5116 1253
1227 237 4604 3211
76 1119 580 1396
1165 1203 1396 3398
93 1356 2971 1269
607 434 4604 2808
606 1097 720 1178
121 733 5116 2567
29 996 4573 1885
109 930 5116 2822
1362 936 3398 4270
338 1084 3471 1178
429 1110 4104 1396
925 1171 4394 5503
527 648 667 2567
1088 838 1253 99
331 807 591 2025
145 1067 1991 2567
1287 299 580 3211
1311 578 667 5407
1414 487 667 5503
614 230 2567 2530
583 1191 4394 99
132 750 99 2822
1344 228 5023 2331
375 1081 4573 2808
923 807 5088 1396
915 650 4554 4573
668 1038 2567 5550
813 807 1396 5088
662 781 5407 3398
759 728 3471 4946
893 592 1269 3211
1267 481 3471 3398
1223 1148 2809 4554
982 968 2025 2917
1023 676 1885 629
641 1178 5132 629
1269 743 3211 5116
1367 112 3063 2808
1045 257 1991 99
722 802 591 5550
1098 97 38 2025
319 361 4144 5407
884 553 3398 4604
128 1112 1009 4144
296 1303 3471 1885
1251 1056 4144 5088
1434 805 1375 90
863 623 3471 2822
953 1263 1396 99
235 487 5503 667
410 519 1885 3211
284 246 38 5407
1253 591 4119 1225
452 846 5116 1253
547 810 5088 4119
1283 568 350 2971
280 910 2917 1225
516 863 4827 4698
229 441 4104 5550
167 492 1225 580
280 186 5132 1009
914 556 2809 90
346 918 2331 5503
1199 373 667 3774
683 1536 4394 720
844 1098 99 5023
1416 229 1991 2025
1074 1071 5023 5550
473 571 2822 3211
1424 384 3063 629
177 837 3063 4827
455 596 2025 2971
1264 1192 2567 90
352 196 2809 5132
673 864 4946 5116
1389 517 99 4554
1365 524 4946 2025
871 949 5023 5407
1216 687 2530 5116
1201 506 1178 4119
1250 679 2917 1885
137 208 4119 629
1273 269 2917 1178
186 457 3063 667
915 458 2530 667
852 1132 4573 4827
1009 136 2808 1253
23 544 3471 5407
1331 778 2808 580
682 1203 3398 1396
1006 1245 1396 2025
11 217 580 667
1193 1178 5503 1009
791 504 5407 4698
871 636 1269 4104
1423 940 2025 2331
326 94 1225 3471
190 1281 4144 4394
1259 695 3211 4394
871 1100 5088 4573
978 1162 1269 4144
678 225 1991 1225
1423 1200 1396 4144
691 468 4104 2822
1097 492 3774 2331
434 492 5550 4946
90 458 5407 1225
1174 845 2971 4270
366 257 99 1991
66 1140 1009 38
35 771 5088 4394
1396 1039 350 591
1405 854 2567 4827
1209 1305 5116 1991
866 622 4946 2331
106 740 5023 1253
838 680 4104 1991
1319 807 5088 1396
727 1145 1269 4573
793 877 5132 1178
701 596 2971 2025
657 1307 5132 4554
46 750 5503 2822
747 1081 5116 3398
977 552 4119 38
73 535 2822 1178
699 1200 4394 4573
931 689 4119 4144
90 377 720 5503
756 1057 2808 38
17 748 2971 5116
546 552 4698 2822
912 1147 1225 5132
920 544 3471 5407
354 926 2025 3063
1334 109 720 1225
144 1038 5550 2567
146 228 5023 2331
25 850 38 2809
757 215 5407 5503
526 895 4573 591
53 819 4554 4270
908 589 629 99
693 1201 4573 1396
98 1122 2809 2530
388 1003 629 2971
373 240 4554 4119
1439 108 350 1396
29 320 591 629
548 565 5116 3774
269 553 4604 3398
2 780 2025 2822
1353 1081 4573 2808
1232 697 580 1375
259 26 2567 5088
851 145 4394 4270
72 807 2971 5023
1373 322 350 2331
1367 1468 5132 3398
15 322 350 2331
1081 1031 5407 3063
7 1301 1253 2809
219 1002 2025 2808
1316 823 2809 4573
1084 816 629 4394
5 560 38 4104
726 735 3063 5116
382 977 1375 3211
689 863 4827 4698
1415 1123 1269 38
310 652 90 4554
908 1064 2809 1225
1439 366 5023 3774
59 814 4554 2331
213 843 90 5116
560 230 1885 4394
47 715 2808 5116
233 843 5116 90
1371 577 1269 667
356 438 580 4573
743 256 5088 2530
1233 1219 5088 90
261 983 350 629
748 421 3398 2567
917 100 2025 4573
1029 439 580 38
367 405 5503 4119
314 745 4698 4144
932 1152 4827 99
580 1245 5132 591
457 330 3063 3774
332 1274 1991 4394
1398 90 4270 5023
1120 284 2917 5088
560 519 3211 1885
674 1060 591 1009
156 956 1885 2822
787 230 4827 1885
198 897 2025 3774
390 1200 1375 1009
1338 120 2808 5088
472 1117 1991 350
12 973 1269 1375
1399 876 667 4394
243 587 4119 2530
1206 807 2971 5023
272 1212 5088 5407
496 1309 720 1009
672 192 3211 667
475 738 4827 90
261 983 629 350
517 266 4270 1885
1165 900 1009 2567
897 415 90 4119
335 1117 1991 350
395 928 4144 5132
667 977 1375 3211
1390 1437 2971 2808
1438 876 667 4394
303 365 1178 629
831 217 667 580
1349 703 2808 4119
1074 983 350 629
403 1303 1885 3471
738 443 667 1178
1133 443 1178 667
360 854 1396 3063
310 591 4119 3063
180 237 4144 2025
355 897 4827 4119
104 1200 1396 4144
465 875 3211 4144
1241 853 5407 5132
879 1136 3774 1375
262 1087 2808 1991
830 638 1225 4698
1435 597 629 5550
158 923 3398 5023
1114 1176 2809 2808
1287 951 1396 1253
1316 753 2331 4104
1227 141 1396 5116
333 849 3774 5503
710 449 5503 1375
1388 898 4270 580
326 591 3063 4119
626 494 5132 2331
156 622 4946 38
36 1193 4144 4827
359 750 90 1178
383 555 5407 720
813 449 4698 90
372 228 5023 2331
1192 600 4270 3063
923 819 2971 720
304 1281 4394 4144
340 71 667 4104
1393 517 4104 2530
764 485 4119 3398
74 621 5503 2971
990 807 591 2025
738 185 2530 1253
1222 1098 5023 99
547 865 3211 720
1162 449 90 4698
63 250 591 1269
1218 1098 350 4573
45 290 2822 2917
1151 129 5550 4573
1074 905 1009 2808
1229 1200 4144 1396
1364 970 1225 3774
1268 658 1225 90
1272 930 5407 591
520 245 4144 1375
400 743 3211 5116
1111 1039 4554 2971
398 1388 5116 1375
1426 1031 2567 2025
1095 1057 2025 1269
1076 1194 4144 1178
312 28 4573 38
929 1319 720 1885
419 133 38 1991
1286 960 4604 5132
133 410 4604 4119
16 477 591 4946
1404 735 3063 5116
1241 970 99 2808
291 1040 1396 2822
1253 290 2822 2917
925 1048 2567 5132
1357 833 720 2808
763 312 720 38
1131 395 90 5503
614 876 4394 667
844 353 4604 4698
1343 349 3398 3063
844 32 1885 2331
498 1028 5132 2025
995 578 2809 4270
940 173 2567 1253
129 101 4604 1178
1271 257 4554 3398
1062 1011 1178 2971
151 185 1253 2530
121 805 1375 90
517 588 1253 3211
551 1129 1991 2917
1139 652 4946 1225
750 942 1225 1269
334 456 90 38
74 503 5132 1885
900 506 4554 5503
351 85 1269 2808
899 1166 1009 2025
1364 133 1991 38
67 341 4604 667
1164 1348 350 720
136 954 4573 5132
26 697 580 1375
649 1053 4144 3063
1361 213 1253 1269
512 715 2808 5116
561 1081 2808 4573
688 506 3211 3063
323 1134 5407 2808
181 1032 667 2809
165 1251 5116 2025
992 415 4119 90
152 132 4554 4104
694 869 1253 2025
487 457 5550 1375
999 34 3774 4604
1433 557 5023 2530
681 506 4119 1178
1004 675 2530 580
1057 551 2025 4554
1095 256 2567 2822
519 839 629 4144
671 114 591 1253
1006 810 2530 1396
96 1189 2567 2809
33 831 2808 3471
790 1036 4827 2822
650 1081 3398 5116
671 1040 1396 2822
720 1198 1991 1396
1055 957 1253 4827
786 765 5023 4104
422 366 5023 3774
1091 739 2808 4394
1249 144 4573 1991
865 489 2822 4604
810 567 2808 667
479 297 4270 2331
554 485 4119 3398
1253 944 2822 4394
1425 914 720 2917
951 576 4119 2822
108 121 4698 4104
252 877 1225 2530
638 208 4119 629
185 1057 38 2808
1206 856 1375 4946
812 898 580 4270
998 918 5503 2331
1200 539 2530 4698
1036 196 2809 5132
32 250 2917 3774
148 34 4604 3774
743 961 4604 4573
1129 1263 1396 99
88 886 5503 3063
151 156 4104 629
922 745 4946 720
1229 384 3063 629
429 515 4119 591
684 939 2331 99
1353 374 4946 3774
341 707 2331 2917
1080 775 1885 5407
83 464 2917 3211
297 693 4104 2567
762 861 90 1396
976 1203 3398 1396
1292 109 1225 720
822 815 580 5023
693 1120 4144 1885
762 1299 5132 2822
667 924 2809 4698
262 1439 4394 1225
1237 944 4394 4554
40 465 2025 4104
919 903 350 2808
760 565 3774 5116
505 272 5132 1396
895 1015 4604 2971
507 361 4144 5407
121 401 5132 5116
1081 387 4604 5023
911 374 3774 4946
1410 340 4573 720
1084 1098 5023 99
29 510 4698 2025
661 492 3774 2331
1166 576 4119 2822
493 1082 2809 2917
1000 973 591 1396
993 1219 90 5088
634 489 2822 3774
1417 72 1178 3774
1388 1276 4270 38
1032 1017 5503 5088
670 417 5503 4104
1154 942 1225 1269
870 355 99 720
1127 866 591 2331
656 1130 1009 2822
185 1029 3774 2971
481 449 5503 1375
1088 358 350 5023
802 628 2971 4827
458 92 4827 4394
802 800 2822 4270
335 341 3471 99
229 746 5407 2331
1253 90 1253 2822
680 655 4394 1269
793 1017 5503 5088
321 520 4104 90
1281 738 90 4827
322 40 2530 2917
834 536 1178 5088
487 196 5023 1885
750 594 1253 4698
844 457 667 3063
241 1087 2808 1991
873 114 2822 591
989 432 4104 99
1326 522 4946 2917
1080 892 99 3063
355 535 2822 1178
411 481 4698 591
586 108 350 4827
364 355 99 720
517 597 3211 5407
475 671 580 3063
1238 385 1269 4604
709 736 3211 38
515 1348 720 350
880 132 629 4554
12 162 1009 4827
283 891 2809 5503
454 957 4827 1253
1328 266 5550 1991
232 1110 4104 1396
275 1089 1009 667
1142 624 2971 99
506 704 4144 3398
472 899 2809 99
49 914 2917 720
390 732 4604 1396
121 794 1269 580
76 97 2025 38
742 1322 2971 591
1173 416 2808 3774
902 606 3211 4270
1353 1058 1178 38
519 571 2822 3211
702 800 3063 2331
476 928 5132 4144
537 861 90 1396
56 493 4554 2808
629 576 4119 2822
1401 652 5116 2917
1169 544 5407 3471
450 787 2530 4827
905 922 5116 4119
890 733 2567 5116
1244 1209 1885 1225
1105 802 3471 5088
202 1058 99 5132
259 1097 1178 720
760 931 99 1178
721 1110 4827 5550
322 1166 1009 2025
772 388 4698 3774
109 1052 667 1396
1000 766 4946 5088
804 489 2822 4604
150 587 4119 2530
417 331 3471 4573
373 652 4946 5023
253 175 1396 4394
362 698 4270 629
1277 967 2331 4573
415 685 3398 4573
1356 1186 4827 1991
183 1018 1269 5503
172 1005 1269 5132
1009 768 4554 5023
1117 863 4144 2822
237 1251 5116 2025
1369 536 1178 5088
4 1298 1991 5023
1272 551 4946 2822
1141 578 2809 4270
799 1036 2530 5407
1350 956 1885 2822
96 953 5550 2917
544 661 4119 2331
921 830 1269 1009
1428 175 1396 4394
884 611 3398 2025
1234 530 5023 3211
191 695 4394 3211
1212 263 4604 629
366 973 591 1396
770 837 4827 3063
417 1123 38 1269
111 592 1269 3211
1187 199 2822 3063
1309 1153 5550 4394
724 750 90 1178
997 648 2567 667
1051 1016 4573 3063
466 476 5503 4946
1355 173 1253 2567
370 886 5503 3063
830 695 4394 2530
1083 1311 4144 5116
698 900 1009 2567
792 550 1178 4827
163 715 2808 5116
1363 416 3774 2808
206 299 3211 580
588 120 5088 2808
770 382 1009 1885
1424 1097 1178 720
891 1470 2971 5088
709 743 3211 5116
1293 85 2808 1269
684 221 4144 1225
517 382 1885 1009
440 1098 4573 350
519 526 1253 4104
1107 720 1885 2530
438 48 2025 5503
294 263 4604 629
1057 707 591 4270
326 983 350 4119
51 392 90 2971
608 1295 720 2331
791 802 3471 5088
26 907 2917 3471
282 1081 4573 2808
1097 1353 1375 4827
1396 228 2331 5023
472 623 2822 3471
426 1089 667 1009
624 1274 4394 1991
548 1071 5550 5023
1156 830 38 2822
379 1042 1178 1225
405 532 3774 5088
687 336 2822 4554
216 1178 1009 5503
173 697 1375 580
645 977 38 5132
470 771 4394 5088
407 577 1269 667
107 532 2917 4698
1001 996 3063 38
23 1035 4270 5407
671 648 4946 1269
788 1100 2809 3471
559 517 4554 99
479 1040 2822 1396
756 839 4144 629
502 520 4104 90
1183 366 3774 5023
631 869 2025 1253
305 396 2331 2809
1089 1253 5116 99
1250 248 1225 99
548 905 1009 2808
1090 1134 5407 2808
71 838 99 1253
239 26 2567 5088
613 405 5023 1009
356 334 350 4270
859 935 4394 4104
1164 1117 1991 350
814 876 720 2530
496 578 3471 580
1044 1056 1178 4573
566 733 2331 580
509 132 5550 38
1395 1187 1225 2331
1419 1036 4827 2822
640 819 720 2971
1057 1355 2971 3063
893 552 38 4119
1099 1215 5116 5550
1178 1036 4827 2822
1168 744 4604 350
228 1016 3063 4573
482 966 1885 2025
39 918 3063 5550
273 153 4144 4573
24 510 4698 2025
1289 94 1225 3471
541 1194 4144 1178
628 263 629 4604
104 1155 5407 1269
1328 1036 5407 1396
1048 1048 2567 5132
1276 1366 1885 1375
1365 230 2530 2567
244 576 2822 4119
1149 240 4554 4119
117 1122 350 2822
887 1040 1009 629
177 1270 350 3398
367 910 2917 1225
387 108 1396 350
1024 805 591 1375
93 85 1269 2808
855 700 5023 5088
387 642 2822 1225
1418 255 4573 1225
14 1040 1396 2822
368 1305 1991 5116
364 1129 5132 720
847 1161 38 4827
241 1058 38 1178
900 145 4270 4394
172 93 2917 3063
1418 807 5023 2971
231 1200 1009 1375
1331 1038 2567 5550
167 954 1253 1991
1164 489 4604 2822
160 1034 2917 5407
791 26 2567 5088
154 481 99 4698
1016 334 350 4270
1291 867 90 3398
815 1017 5503 5088
952 146 5503 38
380 915 1269 3471
118 112 3063 2808
413 769 591 5503
455 740 1375 4104
421 1308 4144 5023
552 1193 4827 4144
1233 285 2530 3774
482 1040 1009 629
1270 210 90 5407
134 900 2567 1009
341 627 4104 720
172 254 3471 4144
1211 1049 2917 38
818 169 4698 580
796 658 90 1225
298 290 2809 2971
1004 608 1225 667
807 800 5088 720
1191 729 4946 4270
694 920 38 1253
1380 374 4604 591
112 131 4104 4946
1324 108 1396 350
702 810 1396 2530
1370 537 2331 90
100 185 5407 5550
1104 652 90 4554
343 579 1009 2971
94 456 90 38
661 591 4604 5116
81 1468 3398 5132
93 1204 3398 2971
1417 476 5503 4946
1362 861 90 1396
150 1002 2808 2025
489 1094 4144 4604
666 535 1178 2822
1170 1511 3471 5116
1154 471 1178 4394
462 26 5088 2567
1199 462 5503 4698
220 922 4119 5116
2 700 5088 5023
683 608 5088 629
1288 513 1178 2567
1007 701 1178 1009
1152 1053 4144 3063
1001 746 4698 2567
574 814 4946 4394
518 1167 1991 1269
1169 232 591 3398
1261 376 629 2917
1263 951 1396 1253
506 1051 5550 5088
226 377 667 591
1234 396 2809 2331
946 973 591 1396
507 943 591 4827
953 196 591 2917
1343 823 4573 2809
592 1194 4144 1178
177 122 4946 3211
251 1126 38 350
719 1038 5550 2567
752 133 1991 38
1016 1021 38 1885
327 443 3774 4104
431 627 4104 720
406 263 720 1991
356 675 580 2530
116 571 3211 2822
531 1468 5132 3398
1228 442 2822 667
242 510 2025 4698
1164 192 5116 350
278 1087 2808 1991
503 652 5116 2917
717 1040 2822 1396
844 372 5550 90
519 3774 2530
1025 2567 667
651 4270 2530
532 38 5503
490 591 5550
776 5407 4104
432 2809 2530
309 1375 1885
169 1225 5023
134 5503 1991
